datetime,bid,ask,open_interest,volume
2023-08-10 09:30:09,15,25,1,1
2023-08-10 09:30:29,15,22,1,1
2023-08-10 09:31:00,15,20,1,1
2023-08-10 09:31:00,15,19,1,1
2023-08-10 09:31:01,16,20,1,1
2023-08-10 09:31:01,17,19,1,1
2023-08-10 09:31:02,17,20,1,1
2023-08-10 09:31:02,17,19,1,1
2023-08-10 09:31:04,17,20,1,1
2023-08-10 09:31:04,17,19,1,1
2023-08-10 09:31:07,17,20,1,1
2023-08-10 09:31:11,18,20,1,1
2023-08-10 09:31:15,18,21,1,1
2023-08-10 09:31:18,19,21,1,1
2023-08-10 09:31:46,19,21,251,251
2023-08-10 09:31:48,19,21,501,501
2023-08-10 09:31:50,20,21,501,501
2023-08-10 09:31:55,20,21,751,751
2023-08-10 09:32:03,20,22,751,751
2023-08-10 09:32:18,21,22,751,751
2023-08-10 09:32:21,21,22,951,951
2023-08-10 09:32:22,21,23,951,951
2023-08-10 09:32:44,21,22,951,951
2023-08-10 09:32:50,20,22,951,951
2023-08-10 09:32:52,19,22,951,951
2023-08-10 09:32:54,20,22,951,951
2023-08-10 09:32:56,19,22,951,951
2023-08-10 09:33:02,19,22,951,1101
2023-08-10 09:33:06,19,21,951,1101
2023-08-10 09:33:32,18,21,951,1101
2023-08-10 09:33:32,18,20,951,1101
2023-08-10 09:33:41,18,21,951,1101
2023-08-10 09:33:41,19,21,951,1101
2023-08-10 09:33:43,18,21,951,1101
2023-08-10 09:33:45,19,21,951,1101
2023-08-10 09:33:53,18,21,951,1101
2023-08-10 09:33:55,19,21,951,1101
2023-08-10 09:34:03,19,22,951,1101
2023-08-10 09:34:06,20,22,951,1101
2023-08-10 09:35:26,20,23,951,1101
2023-08-10 09:35:26,20,22,951,1101
2023-08-10 09:35:33,21,22,951,1101
2023-08-10 09:35:33,21,23,951,1101
2023-08-10 09:35:33,21,22,951,1111
2023-08-10 09:35:34,21,23,951,1111
2023-08-10 09:35:51,22,23,951,1111
2023-08-10 09:36:58,22,24,951,1111
2023-08-10 09:37:11,23,24,951,1111
2023-08-10 09:37:13,23,25,951,1111
2023-08-10 09:37:13,23,24,951,1111
2023-08-10 09:37:26,23,24,951,1301
2023-08-10 09:37:26,23,25,951,1301
2023-08-10 09:39:14,23,24,951,1301
2023-08-10 09:39:15,23,25,951,1301
2023-08-10 09:39:25,23,24,951,1301
2023-08-10 09:39:27,22,24,951,1311
2023-08-10 09:39:28,22,23,951,1311
2023-08-10 09:39:28,22,23,951,1501
2023-08-10 09:39:28,22,24,951,1501
2023-08-10 09:39:44,22,25,951,1501
2023-08-10 09:39:52,22,24,951,1501
2023-08-10 09:39:52,22,25,951,1501
2023-08-10 09:40:16,23,25,951,1501
2023-08-10 09:40:33,24,25,951,1501
2023-08-10 09:40:58,24,26,1354,1904
2023-08-10 09:40:58,24,25,1354,1904
2023-08-10 09:41:04,24,26,1354,1904
2023-08-10 09:41:04,24,25,1354,1904
2023-08-10 09:41:17,24,26,1354,1904
2023-08-10 09:41:17,24,25,1354,1904
2023-08-10 09:41:28,24,26,1354,1904
2023-08-10 09:41:28,24,25,1354,1904
2023-08-10 09:41:31,24,26,1354,1904
2023-08-10 09:41:37,24,25,1354,1904
2023-08-10 09:41:37,24,26,1354,1904
2023-08-10 09:41:43,24,25,1354,1904
2023-08-10 09:41:43,24,26,1354,1904
2023-08-10 09:41:48,24,25,1354,1904
2023-08-10 09:41:50,24,26,1354,1904
2023-08-10 09:41:54,24,25,1354,1904
2023-08-10 09:41:58,24,26,1354,1904
2023-08-10 09:42:52,24,25,1354,1904
2023-08-10 09:42:59,24,26,1354,1904
2023-08-10 09:43:02,24,25,1354,1904
2023-08-10 09:43:03,24,26,1354,1904
2023-08-10 09:43:15,24,25,1354,1904
2023-08-10 09:43:15,23,25,1354,2104
2023-08-10 09:43:35,22,25,1354,2104
2023-08-10 09:45:08,23,25,1354,2104
2023-08-10 09:45:19,23,26,1354,2104
2023-08-10 09:45:20,23,25,1354,2104
2023-08-10 09:45:20,23,26,1354,2104
2023-08-10 09:45:28,23,25,1354,2104
2023-08-10 09:45:28,23,26,1354,2104
2023-08-10 09:45:32,23,25,1354,2104
2023-08-10 09:45:35,23,26,1354,2104
2023-08-10 09:45:35,23,25,1354,2104
2023-08-10 09:45:35,23,26,1354,2104
2023-08-10 09:45:38,23,25,1354,2104
2023-08-10 09:45:43,23,26,1354,2104
2023-08-10 09:45:53,24,26,1354,2104
2023-08-10 09:46:01,25,26,1354,2104
2023-08-10 09:46:12,25,27,1354,2104
2023-08-10 09:46:12,25,26,1354,2104
2023-08-10 09:46:17,26,27,1354,2114
2023-08-10 09:46:18,26,27,1354,2134
2023-08-10 09:46:18,26,27,1354,2154
2023-08-10 09:46:18,26,27,1354,2174
2023-08-10 09:46:24,26,27,1354,2314
2023-08-10 09:46:31,26,28,1354,2314
2023-08-10 09:47:02,27,28,1354,2314
2023-08-10 09:47:30,27,28,1354,2504
2023-08-10 09:47:44,27,29,1554,2704
2023-08-10 09:48:00,27,28,1554,2704
2023-08-10 09:48:00,27,29,1554,2704
2023-08-10 09:48:02,28,29,1554,2704
2023-08-10 09:48:02,28,29,1574,2724
2023-08-10 09:48:33,28,30,1754,2904
2023-08-10 09:48:39,28,29,1754,2904
2023-08-10 09:48:39,28,30,1754,2904
2023-08-10 09:48:45,28,29,1754,2904
2023-08-10 09:48:45,28,30,1754,2904
2023-08-10 09:48:51,28,29,1754,2904
2023-08-10 09:48:51,28,30,1754,2904
2023-08-10 09:48:57,28,29,1754,2904
2023-08-10 09:48:57,28,30,1754,2904
2023-08-10 09:49:04,28,29,1754,2904
2023-08-10 09:49:04,28,30,1754,2904
2023-08-10 09:49:09,28,29,1754,2904
2023-08-10 09:49:09,28,30,1754,2904
2023-08-10 09:49:15,28,29,1754,2904
2023-08-10 09:49:15,28,30,1754,2904
2023-08-10 09:49:21,28,29,1754,2904
2023-08-10 09:49:21,28,30,1754,2904
2023-08-10 09:49:26,28,29,1754,2904
2023-08-10 09:49:26,28,30,1754,2904
2023-08-10 09:49:32,28,29,1754,2904
2023-08-10 09:49:32,28,30,1754,2904
2023-08-10 09:49:39,28,29,1754,2904
2023-08-10 09:49:39,28,30,1754,2904
2023-08-10 09:49:46,28,29,1754,2904
2023-08-10 09:49:46,28,30,1754,2904
2023-08-10 09:49:51,28,29,1754,2904
2023-08-10 09:49:51,28,30,1754,2904
2023-08-10 09:49:57,28,29,1754,2904
2023-08-10 09:49:57,28,30,1754,2904
2023-08-10 09:50:02,28,29,1754,2904
2023-08-10 09:50:02,28,30,1754,2904
2023-08-10 09:50:07,28,29,1754,2904
2023-08-10 09:50:07,28,30,1754,2904
2023-08-10 09:50:12,28,29,1754,2904
2023-08-10 09:50:12,28,30,1754,2904
2023-08-10 09:50:18,28,29,1754,2904
2023-08-10 09:50:18,28,30,1754,2904
2023-08-10 09:50:23,28,29,1754,2904
2023-08-10 09:50:23,28,30,1754,2904
2023-08-10 09:50:28,28,29,1754,2904
2023-08-10 09:50:28,28,30,1754,2904
2023-08-10 09:50:34,28,29,1754,2904
2023-08-10 09:50:34,28,30,1754,2904
2023-08-10 09:50:39,28,29,1754,2904
2023-08-10 09:50:39,28,30,1754,2904
2023-08-10 09:50:44,28,29,1754,2904
2023-08-10 09:50:44,28,30,1754,2904
2023-08-10 09:50:51,28,29,1754,2904
2023-08-10 09:50:51,28,30,1754,2904
2023-08-10 09:50:59,28,29,1754,2904
2023-08-10 09:50:59,28,30,1754,2904
2023-08-10 09:51:04,28,29,1754,2904
2023-08-10 09:51:04,28,30,1754,2904
2023-08-10 09:51:09,28,29,1754,2904
2023-08-10 09:51:09,28,30,1754,2904
2023-08-10 09:51:15,28,29,1754,2904
2023-08-10 09:51:15,28,30,1754,2904
2023-08-10 09:51:27,28,29,1754,2904
2023-08-10 09:51:27,28,30,1754,2904
2023-08-10 09:51:36,28,29,1754,2904
2023-08-10 09:51:36,28,30,1754,2904
2023-08-10 09:51:41,28,29,1754,2904
2023-08-10 09:51:41,28,30,1754,2904
2023-08-10 09:51:47,28,29,1754,2904
2023-08-10 09:51:47,28,30,1754,2904
2023-08-10 09:51:54,28,29,1754,2904
2023-08-10 09:51:54,28,30,1754,2904
2023-08-10 09:52:00,28,29,1754,2904
2023-08-10 09:52:00,28,30,1754,2904
2023-08-10 09:52:06,28,29,1754,2904
2023-08-10 09:52:06,28,30,1754,2904
2023-08-10 09:52:12,28,29,1754,2904
2023-08-10 09:52:12,28,30,1754,2904
2023-08-10 09:52:17,28,29,1754,2904
2023-08-10 09:52:17,28,30,1754,2904
2023-08-10 09:52:24,28,29,1754,2904
2023-08-10 09:52:24,28,30,1754,2904
2023-08-10 09:52:31,28,29,1754,2904
2023-08-10 09:52:31,28,30,1754,2904
2023-08-10 09:52:39,28,29,1754,2904
2023-08-10 09:52:39,28,30,1754,2904
2023-08-10 09:53:07,28,29,1754,2904
2023-08-10 09:53:07,28,30,1754,2904
2023-08-10 09:53:14,28,29,1754,2904
2023-08-10 09:53:14,28,30,1754,2904
2023-08-10 09:53:20,28,29,1754,2904
2023-08-10 09:53:20,28,30,1754,2904
2023-08-10 09:53:26,28,29,1754,2904
2023-08-10 09:53:26,28,30,1754,2904
2023-08-10 09:53:33,28,29,1754,2904
2023-08-10 09:53:33,28,30,1754,2904
2023-08-10 09:53:38,28,29,1754,2904
2023-08-10 09:53:38,28,30,1754,2904
2023-08-10 09:53:44,28,29,1754,2904
2023-08-10 09:53:44,28,30,1754,2904
2023-08-10 09:53:50,28,29,1754,2904
2023-08-10 09:53:50,28,30,1754,2904
2023-08-10 09:53:51,29,30,1754,2904
2023-08-10 09:54:48,30,31,1754,2905
2023-08-10 09:54:49,29,30,1754,3105
2023-08-10 09:54:49,29,31,1754,3105
2023-08-10 09:54:55,29,30,1754,3105
2023-08-10 09:54:55,29,31,1754,3105
2023-08-10 09:54:58,30,31,1754,3105
2023-08-10 09:55:05,30,31,1754,3155
2023-08-10 09:55:21,30,31,1754,3238
2023-08-10 09:55:22,30,31,2087,3571
2023-08-10 09:55:46,30,32,2087,3571
2023-08-10 09:56:31,31,32,2087,3571
2023-08-10 09:57:32,31,32,2277,3761
2023-08-10 09:57:42,31,33,2277,3761
2023-08-10 09:58:03,32,33,2277,3761
2023-08-10 09:58:46,32,34,2277,3761
2023-08-10 09:58:47,32,33,2277,3761
2023-08-10 09:58:48,32,34,2277,3761
2023-08-10 09:59:01,32,33,2277,3761
2023-08-10 09:59:01,32,34,2277,3761
2023-08-10 09:59:10,32,33,2277,3761
2023-08-10 09:59:10,32,34,2277,3761
2023-08-10 09:59:14,33,34,2277,3761
2023-08-10 09:59:21,33,34,2277,3818
2023-08-10 10:00:01,33,34,2277,3875
2023-08-10 10:00:14,33,34,2277,3932
2023-08-10 10:00:45,33,35,2277,3932
2023-08-10 10:00:45,33,34,2277,3932
2023-08-10 10:00:49,33,35,2277,3932
2023-08-10 10:00:50,33,34,2277,3932
2023-08-10 10:01:45,33,35,2277,3932
2023-08-10 10:01:46,33,34,2277,3932
2023-08-10 10:02:14,33,35,2277,3932
2023-08-10 10:02:15,33,34,2277,3932
2023-08-10 10:02:54,33,35,2277,3932
2023-08-10 10:02:55,33,34,2277,3932
2023-08-10 10:02:55,33,35,2277,3932
2023-08-10 10:03:02,33,34,2277,3932
2023-08-10 10:03:02,33,35,2277,3932
2023-08-10 10:03:05,33,34,2277,3932
2023-08-10 10:03:11,33,35,2277,3932
2023-08-10 10:03:11,33,34,2277,3932
2023-08-10 10:03:14,33,35,2277,3932
2023-08-10 10:03:16,33,34,2277,3932
2023-08-10 10:03:16,33,35,2277,3932
2023-08-10 10:03:21,33,34,2277,3932
2023-08-10 10:03:21,33,35,2277,3932
2023-08-10 10:03:21,33,34,2277,3932
2023-08-10 10:03:25,33,35,2277,3932
2023-08-10 10:03:50,33,34,2277,3932
2023-08-10 10:03:50,33,35,2277,3932
2023-08-10 10:03:55,33,34,2277,3932
2023-08-10 10:03:55,33,35,2277,3932
2023-08-10 10:04:01,33,34,2277,3932
2023-08-10 10:04:01,33,35,2277,3932
2023-08-10 10:04:07,33,34,2277,3932
2023-08-10 10:04:07,33,35,2277,3932
2023-08-10 10:04:12,33,34,2277,3932
2023-08-10 10:04:12,33,35,2277,3932
2023-08-10 10:04:19,33,34,2277,3932
2023-08-10 10:04:19,33,35,2277,3932
2023-08-10 10:04:25,33,34,2277,3932
2023-08-10 10:04:25,33,35,2277,3932
2023-08-10 10:04:31,33,34,2277,3932
2023-08-10 10:04:31,33,35,2277,3932
2023-08-10 10:04:43,33,34,2277,3932
2023-08-10 10:04:43,33,35,2277,3932
2023-08-10 10:04:49,33,34,2277,3932
2023-08-10 10:04:49,33,35,2277,3932
2023-08-10 10:04:57,33,34,2277,3932
2023-08-10 10:04:57,33,35,2277,3932
2023-08-10 10:05:03,33,34,2277,3932
2023-08-10 10:05:03,33,35,2277,3932
2023-08-10 10:05:12,33,34,2277,3932
2023-08-10 10:05:12,33,35,2277,3932
2023-08-10 10:05:12,33,34,2277,3932
2023-08-10 10:05:25,33,35,2277,3932
2023-08-10 10:05:25,33,34,2277,3932
2023-08-10 10:05:26,33,34,2277,4132
2023-08-10 10:05:33,33,35,2277,4132
2023-08-10 10:05:33,33,34,2277,4132
2023-08-10 10:05:45,33,35,2277,4132
2023-08-10 10:05:45,33,34,2277,4132
2023-08-10 10:05:47,33,35,2277,4132
2023-08-10 10:05:52,33,34,2277,4132
2023-08-10 10:05:52,33,35,2277,4132
2023-08-10 10:05:58,34,35,2277,4132
2023-08-10 10:05:58,34,35,2277,4182
2023-08-10 10:05:59,33,35,2277,4182
2023-08-10 10:06:01,33,34,2277,4182
2023-08-10 10:06:12,33,35,2277,4182
2023-08-10 10:06:15,33,34,2277,4182
2023-08-10 10:06:15,33,35,2277,4182
2023-08-10 10:06:26,33,34,2277,4182
2023-08-10 10:06:26,33,35,2277,4182
2023-08-10 10:06:32,33,34,2277,4182
2023-08-10 10:06:32,33,35,2277,4182
2023-08-10 10:06:38,33,34,2277,4182
2023-08-10 10:06:38,33,35,2277,4182
2023-08-10 10:06:44,33,34,2277,4182
2023-08-10 10:06:44,33,35,2277,4182
2023-08-10 10:06:46,34,35,2277,4182
2023-08-10 10:06:50,33,35,2277,4382
2023-08-10 10:06:51,33,34,2277,4382
2023-08-10 10:06:51,33,35,2277,4382
2023-08-10 10:06:58,33,34,2277,4382
2023-08-10 10:06:58,33,35,2277,4382
2023-08-10 10:07:02,34,35,2277,4382
2023-08-10 10:07:15,33,35,2310,4582
2023-08-10 10:07:21,34,35,2310,4582
2023-08-10 10:07:25,34,35,2367,4639
2023-08-10 10:13:25,34,36,2567,4839
2023-08-10 10:13:50,35,36,2567,4839
2023-08-10 10:15:41,35,37,2567,4839
2023-08-10 10:15:41,35,36,2567,4839
2023-08-10 10:15:42,35,37,2567,4839
2023-08-10 10:15:49,35,36,2567,4839
2023-08-10 10:15:49,35,37,2567,4839
2023-08-10 10:15:55,35,36,2567,4839
2023-08-10 10:15:55,35,37,2567,4839
2023-08-10 10:16:03,35,36,2567,4839
2023-08-10 10:16:03,35,37,2567,4839
2023-08-10 10:16:19,35,36,2567,4839
2023-08-10 10:16:19,35,37,2567,4839
2023-08-10 10:16:27,35,36,2567,4839
2023-08-10 10:16:27,35,37,2567,4839
2023-08-10 10:17:01,35,36,2567,4839
2023-08-10 10:17:01,35,37,2567,4839
2023-08-10 10:17:09,35,36,2567,4839
2023-08-10 10:17:09,35,37,2567,4839
2023-08-10 10:17:11,35,37,2767,5039
2023-08-10 10:17:18,35,36,2767,5039
2023-08-10 10:17:18,35,37,2767,5039
2023-08-10 10:17:25,35,37,2967,5239
2023-08-10 10:17:30,35,36,2967,5239
2023-08-10 10:17:30,35,37,2967,5239
2023-08-10 10:17:36,35,36,2967,5239
2023-08-10 10:17:36,35,37,2967,5239
2023-08-10 10:17:42,35,36,2967,5239
2023-08-10 10:17:42,35,37,2967,5239
2023-08-10 10:17:49,35,36,2967,5239
2023-08-10 10:17:49,35,37,2967,5239
2023-08-10 10:17:54,35,36,2967,5239
2023-08-10 10:17:54,35,37,2967,5239
2023-08-10 10:18:00,35,36,2967,5239
2023-08-10 10:18:00,35,37,2967,5239
2023-08-10 10:19:26,35,37,2967,5429
2023-08-10 10:20:15,35,36,2967,5429
2023-08-10 10:20:15,35,37,2967,5429
2023-08-10 10:20:22,35,36,2967,5429
2023-08-10 10:20:22,35,37,2967,5429
2023-08-10 10:20:31,35,36,2967,5429
2023-08-10 10:20:31,35,37,2967,5429
2023-08-10 10:20:37,35,36,2967,5429
2023-08-10 10:20:37,35,37,2967,5429
2023-08-10 10:20:45,35,36,2967,5429
2023-08-10 10:20:45,35,37,2967,5429
2023-08-10 10:20:51,35,36,2967,5429
2023-08-10 10:20:52,35,37,2967,5429
2023-08-10 10:21:03,35,36,2967,5429
2023-08-10 10:21:03,35,37,2967,5429
2023-08-10 10:21:09,35,36,2967,5429
2023-08-10 10:21:09,35,36,3167,5629
2023-08-10 10:21:09,35,37,3167,5629
2023-08-10 10:22:14,35,36,3167,5629
2023-08-10 10:22:14,34,36,3167,5629
2023-08-10 10:24:18,34,37,3167,5629
2023-08-10 10:24:21,34,36,3167,5629
2023-08-10 10:24:22,34,37,3167,5629
2023-08-10 10:24:23,34,36,3167,5629
2023-08-10 10:24:31,34,37,3167,5629
2023-08-10 10:24:50,35,37,3167,5629
2023-08-10 10:26:54,35,36,3167,5629
2023-08-10 10:26:54,35,37,3167,5629
2023-08-10 10:26:57,35,36,3167,5629
2023-08-10 10:27:11,35,37,3167,5629
2023-08-10 10:27:12,35,36,3167,5629
2023-08-10 10:27:28,34,36,3167,5629
2023-08-10 10:27:28,34,37,3167,5629
2023-08-10 10:27:29,34,36,3167,5629
2023-08-10 10:27:29,34,35,3167,5629
2023-08-10 10:27:29,34,36,3167,5629
2023-08-10 10:27:34,34,35,3167,5629
2023-08-10 10:27:34,34,36,3167,5629
2023-08-10 10:27:40,34,35,3167,5629
2023-08-10 10:27:40,34,36,3167,5629
2023-08-10 10:27:47,34,35,3167,5629
2023-08-10 10:27:47,34,36,3167,5629
2023-08-10 10:27:47,34,36,3227,5689
2023-08-10 10:27:48,34,35,3227,5689
2023-08-10 10:28:05,33,35,3227,5689
2023-08-10 10:28:06,33,35,3310,5772
2023-08-10 10:28:13,33,34,3310,5772
2023-08-10 10:28:13,33,35,3310,5772
2023-08-10 10:28:18,33,34,3310,5772
2023-08-10 10:28:18,33,35,3310,5772
2023-08-10 10:28:23,33,34,3310,5772
2023-08-10 10:28:23,33,35,3310,5772
2023-08-10 10:28:33,33,34,3310,5772
2023-08-10 10:28:33,33,35,3310,5772
2023-08-10 10:28:38,33,34,3310,5772
2023-08-10 10:28:38,33,35,3310,5772
2023-08-10 10:28:42,33,36,3310,5772
2023-08-10 10:28:43,33,35,3310,5772
2023-08-10 10:28:43,33,36,3310,5772
2023-08-10 10:28:50,33,35,3310,5772
2023-08-10 10:28:50,33,36,3310,5772
2023-08-10 10:28:55,33,35,3310,5772
2023-08-10 10:28:55,33,36,3310,5772
2023-08-10 10:29:02,33,35,3310,5772
2023-08-10 10:29:02,33,36,3310,5772
2023-08-10 10:29:08,33,35,3310,5772
2023-08-10 10:29:08,33,36,3310,5772
2023-08-10 10:29:13,33,35,3310,5772
2023-08-10 10:29:13,33,36,3310,5772
2023-08-10 10:29:18,33,35,3310,5772
2023-08-10 10:29:18,33,36,3310,5772
2023-08-10 10:29:24,33,35,3310,5772
2023-08-10 10:29:24,33,36,3310,5772
2023-08-10 10:29:29,33,35,3310,5772
2023-08-10 10:29:29,33,36,3310,5772
2023-08-10 10:29:34,33,35,3310,5772
2023-08-10 10:29:35,33,36,3310,5772
2023-08-10 10:29:40,33,35,3310,5772
2023-08-10 10:29:40,33,36,3310,5772
2023-08-10 10:29:45,33,35,3310,5772
2023-08-10 10:29:49,33,36,3310,5772
2023-08-10 10:29:51,33,35,3310,5772
2023-08-10 10:29:51,33,36,3310,5772
2023-08-10 10:29:57,33,35,3310,5772
2023-08-10 10:29:57,33,36,3310,5772
2023-08-10 10:30:03,33,35,3310,5772
2023-08-10 10:30:03,33,36,3310,5772
2023-08-10 10:30:05,33,35,3310,5772
2023-08-10 10:30:08,33,36,3310,5772
2023-08-10 10:30:09,33,35,3310,5772
2023-08-10 10:30:09,33,36,3310,5772
2023-08-10 10:30:25,33,35,3310,5772
2023-08-10 10:30:25,33,36,3310,5772
2023-08-10 10:30:40,33,35,3310,5772
2023-08-10 10:30:40,33,36,3310,5772
2023-08-10 10:30:46,34,36,3310,5772
2023-08-10 10:31:14,34,35,3310,5772
2023-08-10 10:31:14,34,36,3310,5772
2023-08-10 10:31:21,34,35,3310,5772
2023-08-10 10:31:21,34,36,3310,5772
2023-08-10 10:31:31,34,35,3310,5772
2023-08-10 10:31:31,34,36,3310,5772
2023-08-10 10:31:53,34,35,3310,5772
2023-08-10 10:31:53,34,36,3310,5772
2023-08-10 10:36:55,34,35,3310,5772
2023-08-10 10:36:55,34,36,3310,5772
2023-08-10 10:37:09,34,35,3310,5772
2023-08-10 10:37:14,33,35,3310,5772
2023-08-10 10:37:19,33,34,3310,5772
2023-08-10 10:37:19,33,35,3310,5772
2023-08-10 10:37:24,33,34,3310,5772
2023-08-10 10:37:24,33,34,3467,5929
2023-08-10 10:37:29,32,34,3467,5929
2023-08-10 10:37:43,32,33,3467,5929
2023-08-10 10:37:45,31,33,3467,5929
2023-08-10 10:37:52,31,32,3467,5929
2023-08-10 10:37:54,30,32,4167,6629
2023-08-10 10:38:00,30,32,4167,6829
2023-08-10 10:38:12,30,31,4167,6829
2023-08-10 10:38:13,29,31,4167,6829
2023-08-10 10:38:31,29,30,4167,6829
2023-08-10 10:38:33,29,31,4167,6829
2023-08-10 10:39:00,29,30,4167,6829
2023-08-10 10:39:00,29,31,4167,6829
2023-08-10 10:39:01,29,30,4167,6829
2023-08-10 10:39:12,29,31,4167,6829
2023-08-10 10:39:17,29,30,4167,6829
2023-08-10 10:39:18,29,31,4167,6829
2023-08-10 10:39:55,29,32,4167,7629
2023-08-10 10:39:56,30,32,4167,7629
2023-08-10 10:40:03,30,31,4167,7629
2023-08-10 10:40:09,29,31,4367,7829
2023-08-10 10:40:12,29,30,4367,7829
2023-08-10 10:40:12,29,31,4367,7829
2023-08-10 10:40:17,29,30,4367,7829
2023-08-10 10:40:29,29,31,4367,7829
2023-08-10 10:40:31,29,30,4367,7829
2023-08-10 10:40:31,29,31,4367,7829
2023-08-10 10:40:33,29,30,4367,7829
2023-08-10 10:41:21,29,31,4367,7829
2023-08-10 10:41:30,29,30,4367,7829
2023-08-10 10:42:03,28,30,4367,7829
2023-08-10 10:42:03,28,29,4367,7829
2023-08-10 10:42:10,27,29,4367,7829
2023-08-10 10:42:11,27,28,4367,7829
2023-08-10 10:42:18,26,28,4567,8029
2023-08-10 10:42:23,26,29,4567,8029
2023-08-10 10:42:24,27,29,4567,8029
2023-08-10 10:42:52,28,29,4567,8029
2023-08-10 10:42:52,28,30,4567,8029
2023-08-10 10:44:01,28,29,4567,8029
2023-08-10 10:44:07,27,29,4567,8029
2023-08-10 10:44:08,26,29,4567,8029
2023-08-10 10:44:08,26,28,4567,8029
2023-08-10 10:44:17,26,29,4567,8029
2023-08-10 10:44:18,27,29,4567,8029
2023-08-10 10:44:42,27,29,4567,8362
2023-08-10 10:44:53,26,29,4567,8362
2023-08-10 10:45:01,26,28,4567,8362
2023-08-10 10:45:12,26,27,4567,8362
2023-08-10 10:45:12,25,27,4567,8362
2023-08-10 10:45:13,25,26,4567,8362
2023-08-10 10:45:13,24,26,4567,8437
2023-08-10 10:45:14,24,25,4567,8437
2023-08-10 10:45:14,23,25,4567,8437
2023-08-10 10:45:15,23,24,4567,8437
2023-08-10 10:45:17,22,24,4567,8437
2023-08-10 10:45:36,22,23,4567,8437
2023-08-10 10:45:36,21,23,4567,8437
2023-08-10 10:45:38,21,22,4567,8437
2023-08-10 10:45:53,21,23,4567,8437
2023-08-10 10:46:10,21,22,4567,8437
2023-08-10 10:46:10,20,22,4567,8437
2023-08-10 10:46:27,21,22,4567,8437
2023-08-10 10:46:31,21,23,4567,8437
2023-08-10 10:46:46,21,24,4567,8437
2023-08-10 10:47:07,22,24,4567,8437
2023-08-10 10:47:26,22,25,4567,8437
2023-08-10 10:47:27,23,25,4567,8437
2023-08-10 10:47:31,24,25,4567,8437
2023-08-10 10:47:43,25,26,4492,8512
2023-08-10 10:47:58,25,26,4492,8662
2023-08-10 10:48:23,25,26,4442,8712
2023-08-10 10:48:31,25,27,4175,8979
2023-08-10 10:48:40,24,27,4175,8979
2023-08-10 10:48:41,24,26,4175,8979
2023-08-10 10:49:00,24,27,3975,9179
2023-08-10 10:49:03,24,26,3975,9179
2023-08-10 10:49:07,24,26,3967,9187
2023-08-10 10:49:25,23,26,3967,9187
2023-08-10 10:49:48,24,26,3967,9187
2023-08-10 10:49:49,24,27,3967,9187
2023-08-10 10:49:50,24,26,3967,9187
2023-08-10 10:49:57,23,26,3967,9187
2023-08-10 10:50:01,23,25,3967,9187
2023-08-10 10:50:02,23,26,3967,9187
2023-08-10 10:50:09,23,25,3967,9187
2023-08-10 10:50:10,23,26,3967,9187
2023-08-10 10:50:11,23,25,3967,9187
2023-08-10 10:50:15,23,26,3967,9187
2023-08-10 10:50:17,24,26,3967,9187
2023-08-10 10:50:18,24,27,3967,9187
2023-08-10 10:50:40,24,26,3967,9187
2023-08-10 10:50:46,23,26,3967,9187
2023-08-10 10:50:59,23,25,3967,9187
2023-08-10 10:51:12,23,26,3967,9187
2023-08-10 10:51:16,23,25,3967,9187
2023-08-10 10:51:29,23,24,3967,9187
2023-08-10 10:51:32,23,25,3967,9187
2023-08-10 10:51:43,23,24,3967,9187
2023-08-10 10:51:44,22,24,3967,9187
2023-08-10 10:51:57,22,23,3967,9187
2023-08-10 10:52:01,21,23,3967,9187
2023-08-10 10:52:01,21,22,3967,9187
2023-08-10 10:52:35,21,24,4167,9387
2023-08-10 10:52:51,22,24,4167,9387
2023-08-10 10:52:54,22,25,4167,9387
2023-08-10 10:53:04,23,25,4167,9387
2023-08-10 10:54:05,22,25,4167,9387
2023-08-10 10:54:05,23,25,4167,9387
2023-08-10 10:54:23,23,26,4167,9387
2023-08-10 10:54:49,24,26,4167,9387
2023-08-10 10:54:53,24,27,4167,9387
2023-08-10 10:54:55,24,26,4167,9387
2023-08-10 10:55:00,24,27,4167,9387
2023-08-10 10:55:09,25,27,4167,9387
2023-08-10 10:55:23,26,27,4167,9387
2023-08-10 10:55:26,26,28,4167,9387
2023-08-10 10:56:01,27,28,4167,9387
2023-08-10 10:56:22,26,28,4167,9387
2023-08-10 10:56:40,27,28,4167,9387
2023-08-10 10:57:06,26,28,4167,9387
2023-08-10 10:59:17,25,28,4167,9387
2023-08-10 10:59:22,25,27,4167,9387
2023-08-10 10:59:23,25,28,4167,9387
2023-08-10 10:59:46,25,27,4167,9387
2023-08-10 10:59:57,24,27,4167,9387
2023-08-10 11:00:10,24,26,4167,9387
2023-08-10 11:00:20,24,25,4167,9387
2023-08-10 11:00:21,23,25,4167,9387
2023-08-10 11:00:46,23,24,4167,9387
2023-08-10 11:00:47,22,24,4167,9387
2023-08-10 11:01:01,22,23,4167,9387
2023-08-10 11:01:02,21,23,4167,9387
2023-08-10 11:01:23,21,22,4167,9387
2023-08-10 11:01:23,20,22,4167,9387
2023-08-10 11:01:29,20,21,4167,9387
2023-08-10 11:01:35,20,22,4367,9587
2023-08-10 11:01:45,21,22,4367,9587
2023-08-10 11:01:54,21,23,4367,9587
2023-08-10 11:02:00,21,22,4367,9587
2023-08-10 11:02:12,20,21,4367,9687
2023-08-10 11:02:22,20,22,4367,9687
2023-08-10 11:02:44,20,21,4367,9687
2023-08-10 11:02:56,19,20,4367,9887
2023-08-10 11:03:08,19,21,4367,9887
2023-08-10 11:04:16,19,22,4367,9887
2023-08-10 11:04:17,19,21,4367,9887
2023-08-10 11:04:20,19,22,4367,9887
2023-08-10 11:04:23,19,21,4367,9887
2023-08-10 11:05:07,19,21,4427,9947
2023-08-10 11:05:09,19,20,4427,9947
2023-08-10 11:05:09,18,20,4467,9987
2023-08-10 11:05:12,18,19,4467,9987
2023-08-10 11:05:18,17,18,4467,10137
2023-08-10 11:05:27,16,18,4567,10237
2023-08-10 11:05:55,17,18,4567,10237
2023-08-10 11:06:00,18,19,4717,10387
2023-08-10 11:06:01,18,20,4717,10387
2023-08-10 11:06:08,18,21,4717,10387
2023-08-10 11:06:34,19,21,4717,10387
2023-08-10 11:06:38,19,22,4717,10387
2023-08-10 11:06:50,20,22,4717,10387
2023-08-10 11:08:18,21,22,4717,10387
2023-08-10 11:08:26,21,23,4717,10387
2023-08-10 11:08:40,20,23,4717,10387
2023-08-10 11:08:40,20,22,4717,10387
2023-08-10 11:08:50,20,23,4717,10387
2023-08-10 11:09:26,20,22,4717,10387
2023-08-10 11:09:30,20,23,4717,10387
2023-08-10 11:09:44,20,22,4717,10387
2023-08-10 11:09:57,19,22,4717,10387
2023-08-10 11:10:10,19,21,4717,10387
2023-08-10 11:10:13,18,21,4717,10387
2023-08-10 11:10:23,19,21,4717,10387
2023-08-10 11:10:30,19,22,4717,10387
2023-08-10 11:10:37,20,22,4717,10387
2023-08-10 11:10:45,19,22,4717,10387
2023-08-10 11:11:19,20,22,4717,10387
2023-08-10 11:11:23,19,22,4717,10387
2023-08-10 11:11:27,19,21,4717,10387
2023-08-10 11:11:38,19,22,4717,10387
2023-08-10 11:11:41,19,21,4717,10387
2023-08-10 11:11:44,19,22,4717,10387
2023-08-10 11:11:53,20,22,4717,10387
2023-08-10 11:11:55,20,23,4717,10387
2023-08-10 11:12:43,21,23,4717,10387
2023-08-10 11:13:54,21,22,4717,10387
2023-08-10 11:14:00,20,22,4717,10387
2023-08-10 11:14:03,19,22,4717,10387
2023-08-10 11:14:07,20,22,4717,10387
2023-08-10 11:14:10,20,23,4717,10387
2023-08-10 11:14:12,21,23,4717,10387
2023-08-10 11:14:31,20,23,4717,10387
2023-08-10 11:14:32,20,22,4717,10387
2023-08-10 11:14:39,19,22,4717,10387
2023-08-10 11:14:57,19,21,4717,10387
2023-08-10 11:15:04,19,20,4717,10387
2023-08-10 11:15:05,18,20,4717,10387
2023-08-10 11:15:09,18,19,4717,10387
2023-08-10 11:15:10,17,19,4717,10387
2023-08-10 11:16:11,17,20,4717,10387
2023-08-10 11:16:23,17,19,4717,10387
2023-08-10 11:16:33,17,20,4717,10387
2023-08-10 11:16:37,17,21,4717,10387
2023-08-10 11:16:37,18,21,4717,10387
2023-08-10 11:16:42,18,20,4717,10387
2023-08-10 11:16:48,17,20,4717,10387
2023-08-10 11:16:59,17,19,4717,10387
2023-08-10 11:17:02,17,20,4717,10387
2023-08-10 11:17:03,17,19,4717,10387
2023-08-10 11:17:05,17,20,4717,10387
2023-08-10 11:17:44,17,19,4717,10387
2023-08-10 11:17:49,17,20,4717,10387
2023-08-10 11:17:55,18,20,4717,10387
2023-08-10 11:18:24,18,20,4717,10387
2023-08-10 11:18:26,18,21,4717,10387
2023-08-10 11:18:34,18,20,4717,10387
2023-08-10 11:18:45,18,21,4717,10387
2023-08-10 11:18:53,18,20,4717,10387
2023-08-10 11:19:01,18,19,4717,10387
2023-08-10 11:20:09,17,18,4717,10487
2023-08-10 11:20:15,16,17,4717,10637
2023-08-10 11:20:16,16,18,4717,10637
2023-08-10 11:20:19,16,17,4717,10637
2023-08-10 11:20:20,16,17,4717,10787
2023-08-10 11:20:20,15,17,4717,10787
2023-08-10 11:20:32,15,16,4717,10787
2023-08-10 11:20:32,15,16,4777,10847
2023-08-10 11:20:34,15,16,4897,10967
2023-08-10 11:20:34,15,16,5017,11087
2023-08-10 11:20:34,15,16,5137,11207
2023-08-10 11:20:35,14,16,5167,11237
2023-08-10 11:21:31,14,16,5367,11437
2023-08-10 11:21:49,13,16,5367,11437
2023-08-10 11:21:58,14,16,5367,11437
2023-08-10 11:21:59,13,16,5367,11437
2023-08-10 11:22:00,14,16,5367,11437
2023-08-10 11:22:01,13,16,5367,11437
2023-08-10 11:22:02,14,16,5367,11437
2023-08-10 11:22:12,13,16,5367,11437
2023-08-10 11:22:38,14,16,5367,11437
2023-08-10 11:22:39,13,16,5367,11437
2023-08-10 11:22:45,14,16,5367,11437
2023-08-10 11:23:11,13,16,5367,11437
2023-08-10 11:23:21,13,15,5367,11437
2023-08-10 11:25:04,14,15,5367,11437
2023-08-10 11:25:20,15,17,5467,11537
2023-08-10 11:25:34,15,18,5467,11537
2023-08-10 11:25:47,16,18,5467,11537
2023-08-10 11:27:09,16,17,5467,11537
2023-08-10 11:27:13,15,17,5467,11537
2023-08-10 11:27:21,15,18,5467,11537
2023-08-10 11:27:25,16,18,5467,11537
2023-08-10 11:28:39,15,18,5467,11537
2023-08-10 11:28:40,16,18,5467,11537
2023-08-10 11:28:47,15,18,5467,11537
2023-08-10 11:28:52,16,18,5467,11537
2023-08-10 11:29:33,16,19,5467,11537
2023-08-10 11:29:33,17,19,5467,11537
2023-08-10 11:30:07,17,18,5467,11537
2023-08-10 11:30:08,16,18,5467,11537
2023-08-10 11:30:16,16,19,5467,11537
2023-08-10 11:30:30,17,19,5467,11537
2023-08-10 11:31:59,16,19,5467,11537
2023-08-10 11:32:00,17,19,5467,11537
2023-08-10 11:32:01,17,18,5467,11537
2023-08-10 11:32:05,16,18,5467,11537
2023-08-10 11:32:45,16,19,5467,11537
2023-08-10 11:32:47,17,19,5467,11537
2023-08-10 11:33:39,18,19,5467,11537
2023-08-10 11:34:10,18,20,5467,11537
2023-08-10 11:34:16,19,20,5467,11537
2023-08-10 11:34:20,19,21,5467,11537
2023-08-10 11:34:28,20,21,5467,11537
2023-08-10 11:34:30,20,22,5467,11537
2023-08-10 11:35:00,21,22,5467,11537
2023-08-10 11:35:39,21,23,5467,11537
2023-08-10 11:35:53,22,23,5467,11537
2023-08-10 11:35:55,22,24,5467,11537
2023-08-10 11:36:29,22,24,5467,11562
2023-08-10 11:36:57,23,24,5467,11562
2023-08-10 11:36:58,23,25,5467,11562
2023-08-10 11:36:58,23,24,5467,11562
2023-08-10 11:36:58,23,25,5467,11562
2023-08-10 11:37:05,23,24,5467,11562
2023-08-10 11:37:05,23,25,5467,11562
2023-08-10 11:37:07,23,24,5467,11562
2023-08-10 11:37:09,22,24,5467,11562
2023-08-10 11:38:04,21,24,5467,11562
2023-08-10 11:38:27,22,24,5467,11562
2023-08-10 11:38:33,21,24,5467,11562
2023-08-10 11:39:06,21,23,5467,11562
2023-08-10 11:39:08,21,24,5467,11562
2023-08-10 11:39:35,22,24,5467,11562
2023-08-10 11:40:33,21,24,5467,11562
2023-08-10 11:40:36,21,23,5467,11562
2023-08-10 11:40:48,21,24,5467,11562
2023-08-10 11:40:59,21,23,5467,11562
2023-08-10 11:41:00,21,24,5467,11562
2023-08-10 11:41:08,21,23,5467,11562
2023-08-10 11:41:20,20,23,5467,11562
2023-08-10 11:41:21,21,23,5467,11562
2023-08-10 11:41:28,21,22,5467,11562
2023-08-10 11:41:33,20,22,5467,11562
2023-08-10 11:41:45,19,22,5467,11562
2023-08-10 11:41:47,19,21,5467,11562
2023-08-10 11:41:51,18,21,5467,11562
2023-08-10 11:41:51,18,20,5467,11562
2023-08-10 11:41:58,18,19,5467,11562
2023-08-10 11:42:02,17,19,5467,11562
2023-08-10 11:42:05,17,18,5467,11562
2023-08-10 11:42:07,16,18,5467,11562
2023-08-10 11:42:09,16,17,5467,11562
2023-08-10 11:42:26,17,19,5467,11622
2023-08-10 11:42:41,17,18,5467,11622
2023-08-10 11:42:41,16,18,5467,11622
2023-08-10 11:42:45,16,19,5467,11622
2023-08-10 11:42:45,16,18,5467,11622
2023-08-10 11:42:45,16,19,5467,11622
2023-08-10 11:42:50,16,18,5467,11622
2023-08-10 11:42:50,16,19,5467,11622
2023-08-10 11:42:57,17,19,5467,11622
2023-08-10 11:43:07,17,20,5467,11622
2023-08-10 11:43:08,18,20,5467,11622
2023-08-10 11:43:35,18,19,5467,11622
2023-08-10 11:43:37,17,19,5467,11622
2023-08-10 11:43:42,17,18,5467,11622
2023-08-10 11:43:42,16,18,5467,11622
2023-08-10 11:44:02,15,18,5467,11622
2023-08-10 11:44:03,15,17,5467,11622
2023-08-10 11:44:06,15,16,5467,11622
2023-08-10 11:44:18,14,16,5467,11622
2023-08-10 11:45:13,14,15,5467,11622
2023-08-10 11:45:14,13,15,5467,11622
2023-08-10 11:45:16,13,14,5467,11622
2023-08-10 11:45:16,13,14,5527,11682
2023-08-10 11:45:55,12,14,5527,11682
2023-08-10 11:46:00,12,13,5527,11682
2023-08-10 11:46:02,12,13,5527,11882
2023-08-10 11:46:04,11,12,5527,11932
2023-08-10 11:46:36,11,13,5527,11932
2023-08-10 11:46:52,11,12,5527,11932
2023-08-10 11:48:01,10,12,5527,11932
2023-08-10 11:48:10,10,12,5529,11934
2023-08-10 11:48:45,10,12,5529,11959
2023-08-10 11:49:17,10,13,5529,11959
2023-08-10 11:49:26,11,13,5529,11959
2023-08-10 11:50:01,10,13,5529,11959
2023-08-10 11:50:17,10,12,5529,11959
2023-08-10 11:50:34,10,11,5529,11959
2023-08-10 11:50:42,9,10,5529,11959
2023-08-10 11:51:16,8,9,5529,12209
2023-08-10 11:51:28,8,10,5529,12209
2023-08-10 11:52:18,8,11,5529,12209
2023-08-10 11:52:18,8,10,5529,12209
2023-08-10 11:52:31,8,9,5529,12209
2023-08-10 11:53:02,7,9,5529,12209
2023-08-10 11:53:56,7,10,5529,12209
2023-08-10 11:54:02,8,10,5529,12209
2023-08-10 11:54:15,7,10,5529,12209
2023-08-10 11:55:19,7,9,5529,12209
2023-08-10 11:57:05,7,10,5529,12209
2023-08-10 11:57:12,8,10,5529,12209
2023-08-10 11:57:22,8,11,5529,12209
2023-08-10 11:58:00,9,11,5529,12209
2023-08-10 11:58:32,8,11,5529,12209
2023-08-10 11:58:40,8,10,5529,12209
2023-08-10 11:58:55,8,11,5529,12209
2023-08-10 11:59:08,8,10,5529,12209
2023-08-10 11:59:09,8,11,5529,12209
2023-08-10 11:59:12,8,10,5529,12209
2023-08-10 11:59:25,8,11,5529,12209
2023-08-10 11:59:46,8,10,5529,12209
2023-08-10 11:59:51,8,11,5529,12209
2023-08-10 12:00:01,8,10,5529,12209
2023-08-10 12:00:07,8,11,5529,12209
2023-08-10 12:00:07,8,10,5529,12209
2023-08-10 12:00:09,8,11,5529,12209
2023-08-10 12:00:12,8,10,5529,12209
2023-08-10 12:00:15,8,10,5531,12211
2023-08-10 12:00:22,8,9,5531,12211
2023-08-10 12:00:27,7,9,5531,12211
2023-08-10 12:00:30,8,9,5531,12211
2023-08-10 12:00:32,8,9,5533,12213
2023-08-10 12:00:44,7,9,5533,12213
2023-08-10 12:00:48,7,9,5535,12215
2023-08-10 12:00:57,7,10,5535,12215
2023-08-10 12:00:57,7,8,5535,12215
2023-08-10 12:04:04,8,10,5535,12217
2023-08-10 12:04:24,8,11,5535,12217
2023-08-10 12:04:27,8,10,5535,12217
2023-08-10 12:04:31,8,11,5535,12217
2023-08-10 12:04:32,8,10,5535,12217
2023-08-10 12:04:34,8,11,5535,12217
2023-08-10 12:04:35,8,10,5535,12217
2023-08-10 12:04:36,8,11,5535,12217
2023-08-10 12:04:37,8,10,5535,12217
2023-08-10 12:04:39,8,11,5535,12217
2023-08-10 12:04:45,8,10,5535,12217
2023-08-10 12:05:16,8,11,5535,12217
2023-08-10 12:05:38,8,10,5535,12217
2023-08-10 12:05:39,8,11,5535,12217
2023-08-10 12:05:40,8,10,5535,12217
2023-08-10 12:05:49,8,11,5535,12217
2023-08-10 12:06:17,9,11,5535,12217
2023-08-10 12:06:18,9,12,5535,12217
2023-08-10 12:06:18,9,11,5535,12217
2023-08-10 12:06:39,9,11,5605,12287
2023-08-10 12:06:52,9,10,5605,12287
2023-08-10 12:06:52,8,10,5605,12287
2023-08-10 12:07:11,8,11,5605,12287
2023-08-10 12:07:11,8,10,5605,12287
2023-08-10 12:07:42,7,10,5605,12287
2023-08-10 12:07:55,8,10,5605,12287
2023-08-10 12:08:20,7,10,5605,12287
2023-08-10 12:08:46,8,10,5605,12287
2023-08-10 12:08:51,7,10,5605,12287
2023-08-10 12:09:02,7,9,5605,12287
2023-08-10 12:09:16,7,10,5605,12287
2023-08-10 12:09:46,7,9,5605,12287
2023-08-10 12:09:58,7,10,5605,12287
2023-08-10 12:10:05,8,10,5605,12287
2023-08-10 12:10:22,7,10,5605,12287
2023-08-10 12:10:43,8,10,5605,12287
2023-08-10 12:11:09,7,10,5605,12287
2023-08-10 12:11:22,7,9,5605,12287
2023-08-10 12:11:46,7,8,5605,12287
2023-08-10 12:13:05,8,10,5705,12387
2023-08-10 12:13:06,7,10,5705,12387
2023-08-10 12:13:07,8,10,5705,12387
2023-08-10 12:14:29,7,10,5705,12387
2023-08-10 12:15:00,7,9,5705,12387
2023-08-10 12:16:07,7,8,5705,12387
2023-08-10 12:18:42,7,8,5905,12587
2023-08-10 12:20:23,6,8,5905,12587
2023-08-10 12:20:32,7,8,5905,12587
2023-08-10 12:20:48,7,8,5905,13787
2023-08-10 12:21:27,6,8,7080,14962
2023-08-10 12:21:33,6,9,7080,14962
2023-08-10 12:21:36,6,8,7080,14962
2023-08-10 12:22:15,7,8,7080,14962
2023-08-10 12:23:41,7,9,7080,14962
2023-08-10 12:24:11,7,8,7080,14962
2023-08-10 12:24:26,6,8,7080,14962
2023-08-10 12:25:28,6,7,7080,14962
2023-08-10 12:25:43,6,7,7080,15162
2023-08-10 12:26:10,4,6,7080,15212
2023-08-10 12:26:41,4,5,7080,15212
2023-08-10 12:28:57,3,4,7930,16662
2023-08-10 12:29:06,4,6,7930,17212
2023-08-10 12:29:17,5,6,7930,17212
2023-08-10 12:29:17,5,7,7930,17212
2023-08-10 12:29:31,5,7,7930,17712
2023-08-10 12:30:00,5,8,7930,17712
2023-08-10 12:30:05,5,7,7930,17712
2023-08-10 12:30:54,5,8,7930,17712
2023-08-10 12:30:58,6,8,7930,17712
2023-08-10 12:31:33,6,9,7930,17712
2023-08-10 12:31:43,6,8,7930,17712
2023-08-10 12:36:34,6,7,7930,17712
2023-08-10 12:36:50,5,7,7930,17712
2023-08-10 12:37:06,6,7,7930,17712
2023-08-10 12:37:14,6,8,7930,17712
2023-08-10 12:37:47,7,8,7930,17712
2023-08-10 12:37:47,7,9,7930,17712
2023-08-10 12:37:52,7,10,7930,17712
2023-08-10 12:37:53,8,10,7930,17712
2023-08-10 12:39:01,7,10,7930,17712
2023-08-10 12:39:02,8,10,7930,17712
2023-08-10 12:39:53,9,10,7930,17712
2023-08-10 12:40:15,8,10,7930,17712
2023-08-10 12:40:48,7,10,7930,17712
2023-08-10 12:40:49,8,10,7930,17712
2023-08-10 12:41:43,8,9,7930,17712
2023-08-10 12:41:49,7,9,7930,17712
2023-08-10 12:42:13,7,10,7930,17712
2023-08-10 12:42:16,8,10,7930,17712
2023-08-10 12:42:25,8,9,7930,17712
2023-08-10 12:42:25,7,9,7930,17712
2023-08-10 12:43:26,7,10,7930,17712
2023-08-10 12:43:26,8,10,7930,17712
2023-08-10 12:43:50,7,10,7930,17712
2023-08-10 12:43:51,8,10,7930,17712
2023-08-10 12:45:02,9,10,7930,17712
2023-08-10 12:45:45,9,11,7930,17712
2023-08-10 12:45:46,10,11,7930,17712
2023-08-10 12:45:54,9,11,7930,17712
2023-08-10 12:45:55,10,11,7930,17712
2023-08-10 12:46:21,10,12,7930,17712
2023-08-10 12:46:22,11,12,7930,17712
2023-08-10 12:47:01,10,12,7930,17712
2023-08-10 12:47:02,11,12,7930,17712
2023-08-10 12:47:06,11,12,7930,17751
2023-08-10 12:48:53,10,12,7930,17751
2023-08-10 12:49:03,10,11,7930,17751
2023-08-10 12:49:06,9,11,7930,17751
2023-08-10 12:49:06,10,11,7930,17751
2023-08-10 12:49:09,10,12,7930,17751
2023-08-10 12:49:18,9,12,7930,17751
2023-08-10 12:49:19,10,12,7930,17751
2023-08-10 12:49:36,10,12,7430,18251
2023-08-10 12:49:58,9,12,7430,18251
2023-08-10 12:50:03,9,11,7430,18251
2023-08-10 12:50:28,9,10,7430,18251
2023-08-10 12:51:40,7,10,7430,18251
2023-08-10 12:51:40,8,10,7430,18251
2023-08-10 12:51:40,8,9,7430,18251
2023-08-10 12:52:07,7,9,7430,18251
2023-08-10 12:52:08,7,10,7430,18251
2023-08-10 12:52:08,7,8,7430,18251
2023-08-10 12:52:48,7,10,7430,18251
2023-08-10 12:52:48,7,9,7430,18251
2023-08-10 12:53:03,7,10,7430,18251
2023-08-10 12:53:03,7,8,7430,18251
2023-08-10 12:53:25,7,8,7430,18351
2023-08-10 12:53:26,6,8,7430,18351
2023-08-10 12:54:11,6,7,7430,18351
2023-08-10 12:54:12,5,7,7430,18351
2023-08-10 12:54:16,5,6,7430,18351
2023-08-10 12:56:51,4,6,7430,18351
2023-08-10 12:57:27,4,5,7430,18351
2023-08-10 12:58:01,3,5,7430,18351
2023-08-10 12:58:13,3,4,7430,18351
2023-08-10 12:59:54,3,5,7430,18351
2023-08-10 13:00:09,3,4,7430,18351
2023-08-10 13:00:17,3,5,7430,18351
2023-08-10 13:00:20,3,4,7430,18351
2023-08-10 13:00:33,3,5,7430,18351
2023-08-10 13:00:51,3,6,7430,18351
2023-08-10 13:01:04,3,5,7430,18351
2023-08-10 13:03:28,3,4,7430,18351
2023-08-10 13:03:52,3,5,7430,18351
2023-08-10 13:04:37,4,5,7430,18351
2023-08-10 13:05:16,4,6,7430,18351
2023-08-10 13:05:21,4,5,7430,18351
2023-08-10 13:05:53,4,6,7430,18351
2023-08-10 13:06:45,4,5,7430,18351
2023-08-10 13:07:58,4,6,7430,18351
2023-08-10 13:08:15,4,5,7430,18351
2023-08-10 13:08:38,4,6,7430,18351
2023-08-10 13:09:30,4,5,7430,18351
2023-08-10 13:09:33,4,6,7430,18351
2023-08-10 13:10:34,4,5,7430,18351
2023-08-10 13:11:00,4,6,7430,18351
2023-08-10 13:11:03,4,5,7430,18351
2023-08-10 13:11:05,4,6,7430,18351
2023-08-10 13:11:05,4,5,7430,18351
2023-08-10 13:11:09,4,6,7430,18351
2023-08-10 13:11:12,4,5,7430,18351
2023-08-10 13:11:32,4,5,7510,18431
2023-08-10 13:11:42,4,6,7510,18431
2023-08-10 13:11:48,4,5,7510,18431
2023-08-10 13:12:09,4,6,7510,18431
2023-08-10 13:12:19,4,5,7510,18431
2023-08-10 13:13:03,4,6,7510,18431
2023-08-10 13:13:14,4,5,7510,18431
2023-08-10 13:13:31,4,6,7510,18431
2023-08-10 13:14:21,4,5,7510,18431
2023-08-10 13:15:05,4,6,7510,18431
2023-08-10 13:15:28,4,5,7510,18431
2023-08-10 13:18:22,3,4,7510,18601
2023-08-10 13:18:23,3,5,7510,18601
2023-08-10 13:20:25,3,4,7510,18601
2023-08-10 13:21:25,3,4,7510,18801
2023-08-10 13:21:31,3,4,7510,19001
2023-08-10 13:22:33,2,3,7510,19101
2023-08-10 13:25:08,3,4,7510,19201
2023-08-10 13:25:33,3,4,7510,19401
2023-08-10 13:25:46,3,4,7570,19461
2023-08-10 13:27:14,3,4,7670,19561
2023-08-10 13:28:04,3,4,7810,19701
2023-08-10 13:28:29,3,4,7870,19761
2023-08-10 13:32:10,3,4,7930,19821
2023-08-10 13:32:23,3,4,7930,20021
2023-08-10 13:32:27,3,4,7990,20081
2023-08-10 13:37:07,2,3,7990,20101
2023-08-10 13:38:52,2,4,7990,20301
2023-08-10 13:41:18,2,3,7990,20301
2023-08-10 13:41:37,2,3,7995,20601
2023-08-10 13:41:38,2,4,7995,20601
2023-08-10 13:41:39,2,3,7995,20601
2023-08-10 13:42:01,2,3,8045,20651
2023-08-10 13:42:28,2,3,8165,20771
2023-08-10 13:42:32,2,3,8225,20831
2023-08-10 13:45:49,2,3,8725,21331
2023-08-10 13:46:34,2,4,8725,21331
2023-08-10 13:50:01,2,3,8725,21331
2023-08-10 13:51:20,2,4,8725,21331
2023-08-10 13:53:53,2,3,8725,21331
2023-08-10 13:56:42,2,3,8785,21391
2023-08-10 13:57:15,2,3,8985,21591
2023-08-10 13:57:17,2,3,9185,21791
2023-08-10 13:58:39,1,3,9245,21851
2023-08-10 14:03:24,2,3,9245,21851
2023-08-10 14:05:17,2,3,9445,22051
2023-08-10 14:05:24,2,3,9520,22126
2023-08-10 14:09:14,1,3,9520,22126
2023-08-10 14:14:10,1,4,9520,22126
2023-08-10 14:14:10,1,4,9520,22326
2023-08-10 14:14:10,1,3,9520,22326
2023-08-10 14:14:10,1,2,9520,22326
2023-08-10 14:14:18,2,4,9520,22339
2023-08-10 14:14:22,2,3,9520,22339
2023-08-10 14:14:22,2,4,9520,22339
2023-08-10 14:15:33,2,3,9520,22339
2023-08-10 14:15:33,2,4,9520,22339
2023-08-10 14:15:38,2,3,9520,22339
2023-08-10 14:15:38,2,4,9520,22339
2023-08-10 14:15:43,2,3,9520,22339
2023-08-10 14:15:43,2,4,9520,22339
2023-08-10 14:15:49,2,3,9520,22339
2023-08-10 14:15:49,2,4,9520,22339
2023-08-10 14:15:55,2,3,9520,22339
2023-08-10 14:15:55,2,4,9520,22339
2023-08-10 14:16:42,2,3,9520,22339
2023-08-10 14:16:42,2,4,9520,22339
2023-08-10 14:16:50,1,4,9520,22339
2023-08-10 14:16:50,1,3,9520,22339
2023-08-10 14:16:50,1,4,9520,22339
2023-08-10 14:18:00,1,3,9520,22339
2023-08-10 14:18:00,1,4,9520,22339
2023-08-10 14:18:05,1,3,9520,22339
2023-08-10 14:18:05,1,4,9520,22339
2023-08-10 14:18:14,1,3,9520,22339
2023-08-10 14:18:14,1,4,9520,22339
2023-08-10 14:18:16,1,3,9520,22339
2023-08-10 14:19:10,1,4,9520,22339
2023-08-10 14:22:49,1,4,9520,22339
2023-08-10 14:23:03,1,3,9520,22339
2023-08-10 14:23:03,1,4,9520,22339
2023-08-10 14:23:32,1,3,9520,22339
2023-08-10 14:23:32,1,4,9520,22339
2023-08-10 14:23:37,1,3,9520,22339
2023-08-10 14:23:37,1,4,9520,22339
2023-08-10 14:23:44,1,3,9520,22339
2023-08-10 14:23:44,1,4,9520,22339
2023-08-10 14:23:53,2,4,9520,22339
2023-08-10 14:24:17,1,4,9520,22339
2023-08-10 14:24:25,1,3,9520,22339
2023-08-10 14:24:25,1,4,9520,22339
2023-08-10 14:24:30,1,3,9520,22339
2023-08-10 14:24:30,1,4,9520,22339
2023-08-10 14:24:36,1,3,9520,22339
2023-08-10 14:24:36,1,4,9520,22339
2023-08-10 14:24:41,1,3,9520,22339
2023-08-10 14:24:41,1,4,9520,22339
2023-08-10 14:24:48,1,3,9520,22339
2023-08-10 14:24:48,1,4,9520,22339
2023-08-10 14:25:00,1,3,9520,22339
2023-08-10 14:25:00,1,4,9520,22339
2023-08-10 14:25:06,1,3,9520,22339
2023-08-10 14:25:06,1,4,9520,22339
2023-08-10 14:25:11,1,3,9520,22339
2023-08-10 14:25:11,1,4,9520,22339
2023-08-10 14:25:16,1,3,9520,22339
2023-08-10 14:25:16,1,4,9520,22339
2023-08-10 14:25:29,1,3,9520,22339
2023-08-10 14:26:08,1,4,9520,22339
2023-08-10 14:26:24,1,3,9520,22339
2023-08-10 14:26:24,1,4,9520,22339
2023-08-10 14:26:26,1,3,9520,22339
2023-08-10 14:29:54,0,3,9520,22339
2023-08-10 14:30:03,1,3,9520,22339
2023-08-10 14:31:58,1,3,9520,22414
2023-08-10 14:33:43,1,3,9520,22461
2023-08-10 14:34:38,1,3,9520,22521
2023-08-10 14:35:57,1,3,9520,22596
2023-08-10 14:35:57,1,2,9520,22596
2023-08-10 14:35:57,1,3,9520,22596
2023-08-10 14:35:59,1,3,9520,22671
2023-08-10 14:47:24,1,2,9520,22671
2023-08-10 14:52:05,1,2,9520,22696
2023-08-10 14:52:54,1,2,9520,22752
2023-08-10 14:54:02,1,2,9520,22810
2023-08-10 14:54:24,1,2,9520,22816
2023-08-10 14:54:25,1,2,9520,22822
2023-08-10 14:54:30,1,2,9520,22827
2023-08-10 14:54:30,1,2,9520,23022
2023-08-10 14:58:08,1,2,9520,23059
2023-08-10 14:58:48,1,2,9520,23134
2023-08-10 14:58:58,1,2,9520,23209
2023-08-10 14:58:59,1,2,9520,23272
2023-08-10 15:06:31,1,2,9520,23297
2023-08-10 15:10:28,1,2,9520,23372
2023-08-10 15:10:51,1,2,9520,23447
2023-08-10 15:15:49,1,2,9520,23547
2023-08-10 15:16:47,1,2,9520,23552
2023-08-10 15:16:49,1,2,9520,23557
2023-08-10 15:17:41,1,2,9520,23668
2023-08-10 15:18:37,1,2,9520,23743
2023-08-10 15:18:37,1,2,9520,23761
2023-08-10 15:25:23,1,2,9520,23941
2023-08-10 15:26:08,0,2,9017,24444
2023-08-10 15:43:44,0,1,9017,24444
2023-08-10 15:43:44,0,2,9017,24444
2023-08-10 15:46:59,0,1,9017,24444
