datetime,bid,ask,open_interest,volume
2023-03-16 09:30:56,15,31,477,477
2023-03-16 09:31:02,18,31,477,477
2023-03-16 09:31:03,24,31,477,477
2023-03-16 09:31:03,24,28,477,477
2023-03-16 09:32:47,24,25,477,477
2023-03-16 09:33:51,21,25,477,477
2023-03-16 09:34:08,23,25,477,477
2023-03-16 09:38:01,23,26,477,477
2023-03-16 09:38:08,25,26,477,477
2023-03-16 09:40:20,25,29,477,477
2023-03-16 09:40:20,25,27,477,477
2023-03-16 09:44:44,25,27,484,484
2023-03-16 09:45:03,25,27,491,491
2023-03-16 09:45:20,25,26,491,491
2023-03-16 09:46:26,25,27,491,491
2023-03-16 09:46:26,25,27,498,498
2023-03-16 09:46:46,25,26,498,498
2023-03-16 09:47:00,25,27,498,498
2023-03-16 09:47:02,25,26,498,498
2023-03-16 09:48:22,25,27,498,498
2023-03-16 09:48:22,25,26,498,498
2023-03-16 09:48:39,25,27,498,498
2023-03-16 09:48:39,25,26,498,498
2023-03-16 09:49:14,25,27,498,498
2023-03-16 09:49:14,25,26,498,498
2023-03-16 09:50:06,25,26,526,526
2023-03-16 09:50:08,25,26,567,567
2023-03-16 09:50:16,25,27,567,567
2023-03-16 09:50:16,25,26,567,567
2023-03-16 09:51:14,27,28,714,714
2023-03-16 09:51:16,27,28,914,914
2023-03-16 09:51:19,27,28,1114,1114
2023-03-16 09:51:20,27,28,1144,1144
2023-03-16 09:51:20,27,28,1151,1151
2023-03-16 09:51:20,27,28,1179,1179
2023-03-16 09:51:23,25,27,1317,1317
2023-03-16 09:51:28,24,28,1317,1317
2023-03-16 09:51:28,25,28,1317,1317
2023-03-16 09:51:28,25,27,1317,1317
2023-03-16 09:51:37,25,26,1317,1317
2023-03-16 09:51:44,24,26,1317,1324
2023-03-16 09:51:55,25,26,1317,1324
2023-03-16 09:52:05,25,27,1317,1324
2023-03-16 09:52:05,26,27,1317,1324
2023-03-16 09:52:05,26,27,1332,1339
2023-03-16 09:52:29,26,28,1332,1339
2023-03-16 09:52:51,26,27,1332,1339
2023-03-16 09:53:02,26,28,1332,1339
2023-03-16 09:53:17,26,28,1347,1354
2023-03-16 09:53:17,26,28,1397,1404
2023-03-16 09:53:24,26,27,1397,1404
2023-03-16 09:53:54,26,28,1397,1404
2023-03-16 09:53:54,26,27,1397,1404
2023-03-16 09:54:34,26,28,1397,1404
2023-03-16 09:54:34,26,27,1397,1404
2023-03-16 09:54:54,26,28,1397,1404
2023-03-16 09:55:07,26,27,1397,1404
2023-03-16 09:55:20,26,28,1397,1404
2023-03-16 09:55:21,26,27,1397,1404
2023-03-16 09:56:11,26,28,1397,1404
2023-03-16 09:56:12,26,29,1397,1404
2023-03-16 09:56:12,26,28,1397,1404
2023-03-16 09:56:16,26,27,1397,1404
2023-03-16 09:56:40,26,28,1397,1404
2023-03-16 09:56:40,26,27,1397,1404
2023-03-16 09:56:40,26,27,1435,1442
2023-03-16 09:56:40,26,27,1465,1472
2023-03-16 09:56:40,26,28,1465,1472
2023-03-16 09:56:40,26,28,1465,1472
2023-03-16 09:57:01,26,29,1465,1472
2023-03-16 09:57:01,26,28,1465,1472
2023-03-16 09:57:15,26,27,1465,1472
2023-03-16 09:57:26,26,28,1465,1472
2023-03-16 09:57:30,26,27,1465,1472
2023-03-16 09:57:44,26,28,1465,1472
2023-03-16 09:57:44,26,27,1465,1472
2023-03-16 09:57:48,26,28,1465,1472
2023-03-16 09:57:48,26,27,1465,1472
2023-03-16 09:57:57,26,29,1465,1472
2023-03-16 09:57:57,26,28,1465,1472
2023-03-16 09:57:58,26,27,1465,1472
2023-03-16 09:58:29,26,29,1465,1472
2023-03-16 09:58:30,26,27,1465,1472
2023-03-16 09:58:40,26,28,1465,1472
2023-03-16 09:58:46,27,28,1465,1472
2023-03-16 09:58:51,27,29,1465,1472
2023-03-16 09:58:51,26,27,1465,1479
2023-03-16 09:59:18,26,28,1465,1479
2023-03-16 09:59:18,26,29,1465,1479
2023-03-16 09:59:18,26,28,1465,1479
2023-03-16 09:59:18,26,27,1465,1479
2023-03-16 09:59:52,26,28,1465,1479
2023-03-16 09:59:52,26,27,1465,1479
2023-03-16 10:00:09,26,28,1465,1479
2023-03-16 10:00:09,26,27,1465,1479
2023-03-16 10:00:43,26,29,1465,1479
2023-03-16 10:00:44,26,28,1465,1479
2023-03-16 10:00:57,26,27,1465,1479
2023-03-16 10:01:10,26,28,1465,1479
2023-03-16 10:01:30,26,27,1465,1479
2023-03-16 10:01:38,26,28,1465,1479
2023-03-16 10:01:38,26,27,1465,1479
2023-03-16 10:02:09,26,28,1465,1479
2023-03-16 10:02:10,26,27,1465,1479
2023-03-16 10:02:45,26,28,1465,1479
2023-03-16 10:03:13,26,29,1465,1479
2023-03-16 10:03:13,27,29,1465,1479
2023-03-16 10:03:18,27,28,1465,1479
2023-03-16 10:03:25,26,28,1465,1479
2023-03-16 10:04:07,26,29,1465,1479
2023-03-16 10:04:07,26,28,1465,1479
2023-03-16 10:04:25,26,29,1465,1479
2023-03-16 10:04:25,26,28,1465,1479
2023-03-16 10:04:59,27,28,1465,1479
2023-03-16 10:05:12,27,29,1465,1479
2023-03-16 10:05:12,27,28,1465,1479
2023-03-16 10:05:23,27,29,1465,1479
2023-03-16 10:05:42,27,28,1465,1479
2023-03-16 10:05:45,27,29,1465,1479
2023-03-16 10:06:03,26,29,1465,1479
2023-03-16 10:06:08,27,29,1465,1479
2023-03-16 10:06:59,26,29,1465,1479
2023-03-16 10:06:59,26,30,1465,1479
2023-03-16 10:06:59,27,30,1465,1479
2023-03-16 10:06:59,27,29,1465,1479
2023-03-16 10:07:16,27,30,1465,1479
2023-03-16 10:07:16,27,29,1465,1479
2023-03-16 10:07:53,27,30,1465,1479
2023-03-16 10:07:53,27,29,1465,1479
2023-03-16 10:08:16,27,30,1465,1479
2023-03-16 10:08:18,27,29,1465,1479
2023-03-16 10:08:48,27,30,1465,1479
2023-03-16 10:08:51,27,29,1465,1479
2023-03-16 10:09:06,27,30,1465,1479
2023-03-16 10:09:09,27,29,1465,1479
2023-03-16 10:09:23,27,30,1465,1479
2023-03-16 10:09:27,27,31,1465,1479
2023-03-16 10:09:27,28,31,1465,1479
2023-03-16 10:09:28,28,30,1465,1479
2023-03-16 10:09:42,27,30,1465,1479
2023-03-16 10:09:42,27,31,1465,1479
2023-03-16 10:09:42,27,30,1465,1479
2023-03-16 10:09:45,28,30,1465,1479
2023-03-16 10:10:18,28,31,1465,1479
2023-03-16 10:10:18,28,30,1465,1479
2023-03-16 10:10:33,31,32,1662,1676
2023-03-16 10:10:34,28,30,1667,1681
2023-03-16 10:10:49,28,32,1667,1681
2023-03-16 10:10:49,28,30,1667,1681
2023-03-16 10:11:40,28,31,1667,1681
2023-03-16 10:11:40,28,30,1667,1681
2023-03-16 10:11:56,28,31,1667,1681
2023-03-16 10:11:59,28,30,1667,1681
2023-03-16 10:12:14,28,31,1667,1681
2023-03-16 10:12:14,28,30,1667,1681
2023-03-16 10:12:17,29,30,1667,1681
2023-03-16 10:12:35,29,31,1667,1681
2023-03-16 10:12:36,29,30,1667,1681
2023-03-16 10:12:56,29,31,1667,1681
2023-03-16 10:12:57,29,30,1667,1681
2023-03-16 10:13:11,29,31,1667,1681
2023-03-16 10:13:11,29,30,1667,1681
2023-03-16 10:13:21,28,30,1667,1681
2023-03-16 10:13:23,29,30,1667,1681
2023-03-16 10:13:29,29,31,1667,1681
2023-03-16 10:13:29,29,30,1667,1681
2023-03-16 10:13:41,29,31,1667,1681
2023-03-16 10:13:51,29,30,1667,1681
2023-03-16 10:14:02,29,31,1667,1681
2023-03-16 10:14:25,27,31,1667,1681
2023-03-16 10:14:25,28,31,1667,1681
2023-03-16 10:14:28,29,31,1667,1681
2023-03-16 10:14:45,28,31,1667,1681
2023-03-16 10:14:45,28,30,1667,1681
2023-03-16 10:14:47,29,30,1667,1681
2023-03-16 10:15:22,28,30,1667,1688
2023-03-16 10:15:24,28,32,1667,1688
2023-03-16 10:15:26,28,31,1667,1688
2023-03-16 10:15:38,29,31,1667,1688
2023-03-16 10:16:09,28,31,1667,1688
2023-03-16 10:16:12,29,31,1667,1688
2023-03-16 10:16:43,28,32,1667,1688
2023-03-16 10:16:43,28,31,1667,1688
2023-03-16 10:16:44,29,31,1667,1688
2023-03-16 10:17:01,29,32,1667,1688
2023-03-16 10:17:01,29,31,1667,1688
2023-03-16 10:17:17,29,32,1667,1688
2023-03-16 10:17:17,29,31,1667,1688
2023-03-16 10:17:21,29,30,1667,1688
2023-03-16 10:17:34,28,30,1667,1688
2023-03-16 10:17:34,28,32,1667,1688
2023-03-16 10:17:34,28,31,1667,1688
2023-03-16 10:17:36,29,31,1667,1688
2023-03-16 10:17:50,28,31,1667,1688
2023-03-16 10:17:51,27,31,1667,1688
2023-03-16 10:17:51,27,32,1667,1688
2023-03-16 10:17:51,28,32,1667,1688
2023-03-16 10:17:55,29,32,1667,1688
2023-03-16 10:17:55,29,31,1667,1688
2023-03-16 10:17:58,29,30,1667,1688
2023-03-16 10:18:13,29,31,1667,1688
2023-03-16 10:18:18,29,30,1667,1688
2023-03-16 10:18:31,29,31,1667,1688
2023-03-16 10:20:18,30,31,1667,1688
2023-03-16 10:21:06,29,30,1670,1691
2023-03-16 10:21:17,29,31,1670,1691
2023-03-16 10:21:17,30,31,1670,1691
2023-03-16 10:21:26,29,31,1670,1691
2023-03-16 10:21:26,29,30,1670,1691
2023-03-16 10:21:38,29,31,1670,1691
2023-03-16 10:21:53,30,31,1670,1691
2023-03-16 10:22:04,29,31,1670,1691
2023-03-16 10:22:04,29,33,1670,1691
2023-03-16 10:22:04,29,31,1670,1691
2023-03-16 10:22:17,29,33,2057,2078
2023-03-16 10:22:19,29,34,2057,2078
2023-03-16 10:22:19,29,32,2057,2078
2023-03-16 10:22:20,29,31,2057,2078
2023-03-16 10:22:35,29,32,2057,2078
2023-03-16 10:22:35,29,34,2057,2078
2023-03-16 10:22:35,29,33,2057,2078
2023-03-16 10:22:35,31,33,2057,2078
2023-03-16 10:22:35,31,34,2057,2078
2023-03-16 10:22:36,31,33,2057,2078
2023-03-16 10:22:36,31,32,2057,2078
2023-03-16 10:22:37,30,31,2057,2153
2023-03-16 10:22:51,30,32,2057,2153
2023-03-16 10:23:07,28,32,2057,2153
2023-03-16 10:23:07,28,34,2057,2153
2023-03-16 10:23:08,30,34,2057,2153
2023-03-16 10:23:08,30,33,2057,2153
2023-03-16 10:23:11,30,32,2057,2153
2023-03-16 10:23:19,30,34,2154,2256
2023-03-16 10:23:19,30,33,2154,2256
2023-03-16 10:23:20,30,31,2154,2256
2023-03-16 10:23:29,30,31,2154,2263
2023-03-16 10:23:39,30,33,2154,2263
2023-03-16 10:23:39,30,34,2154,2263
2023-03-16 10:23:39,30,33,2154,2263
2023-03-16 10:23:39,30,32,2154,2263
2023-03-16 10:23:42,30,34,2154,2263
2023-03-16 10:23:42,30,33,2154,2263
2023-03-16 10:23:42,30,31,2154,2263
2023-03-16 10:23:45,30,31,2154,2270
2023-03-16 10:23:53,30,33,2154,2270
2023-03-16 10:23:54,30,32,2154,2270
2023-03-16 10:24:04,30,31,2154,2270
2023-03-16 10:24:16,30,33,2154,2270
2023-03-16 10:24:16,30,32,2154,2270
2023-03-16 10:25:21,30,33,2154,2270
2023-03-16 10:25:21,30,32,2154,2270
2023-03-16 10:25:49,30,31,2154,2270
2023-03-16 10:25:52,30,32,2154,2270
2023-03-16 10:26:01,30,31,2154,2270
2023-03-16 10:26:01,30,32,2154,2270
2023-03-16 10:26:23,30,31,2154,2270
2023-03-16 10:27:01,30,33,2154,2270
2023-03-16 10:27:01,30,31,2154,2270
2023-03-16 10:27:14,30,32,2154,2270
2023-03-16 10:27:26,30,31,2154,2270
2023-03-16 10:27:36,30,32,2154,2270
2023-03-16 10:27:49,30,33,2154,2270
2023-03-16 10:27:49,30,31,2154,2270
2023-03-16 10:27:59,30,32,2154,2270
2023-03-16 10:27:59,30,31,2154,2270
2023-03-16 10:28:03,30,32,2154,2270
2023-03-16 10:28:03,30,31,2154,2270
2023-03-16 10:28:24,30,32,2154,2270
2023-03-16 10:28:40,30,33,2154,2270
2023-03-16 10:28:40,30,31,2154,2270
2023-03-16 10:29:01,30,32,2154,2270
2023-03-16 10:29:02,30,31,2154,2270
2023-03-16 10:29:12,30,32,2154,2270
2023-03-16 10:29:13,31,32,2154,2270
2023-03-16 10:29:16,31,33,2154,2270
2023-03-16 10:29:16,31,32,2154,2270
2023-03-16 10:29:17,30,31,2154,2285
2023-03-16 10:29:28,30,32,2154,2285
2023-03-16 10:29:32,31,32,2154,2285
2023-03-16 10:29:33,30,31,2154,2292
2023-03-16 10:29:48,30,32,2154,2292
2023-03-16 10:29:48,30,31,2154,2292
2023-03-16 10:30:33,30,32,2154,2292
2023-03-16 10:30:34,30,31,2154,2292
2023-03-16 10:30:48,30,32,2154,2292
2023-03-16 10:30:48,30,31,2154,2292
2023-03-16 10:32:00,30,33,2154,2292
2023-03-16 10:32:02,30,32,2154,2292
2023-03-16 10:32:07,30,31,2154,2292
2023-03-16 10:32:49,30,32,2154,2292
2023-03-16 10:32:49,30,33,2154,2292
2023-03-16 10:32:50,30,32,2154,2292
2023-03-16 10:32:58,30,31,2154,2292
2023-03-16 10:33:14,31,33,2154,2299
2023-03-16 10:33:20,30,31,2154,2352
2023-03-16 10:33:23,30,31,2154,2359
2023-03-16 10:33:27,30,33,2154,2359
2023-03-16 10:33:27,31,33,2154,2359
2023-03-16 10:33:28,30,31,2154,2449
2023-03-16 10:33:38,30,33,2154,2449
2023-03-16 10:33:39,30,32,2154,2449
2023-03-16 10:34:14,30,31,2154,2449
2023-03-16 10:34:42,30,32,2154,2449
2023-03-16 10:34:42,31,32,2154,2449
2023-03-16 10:35:21,30,32,2154,2449
2023-03-16 10:35:22,31,32,2154,2449
2023-03-16 10:35:24,30,32,2154,2449
2023-03-16 10:35:45,31,32,2154,2449
2023-03-16 10:36:07,31,33,2154,2449
2023-03-16 10:36:08,31,32,2154,2449
2023-03-16 10:36:09,31,32,2154,2456
2023-03-16 10:36:09,31,32,2154,2471
2023-03-16 10:36:10,31,32,2154,2486
2023-03-16 10:36:12,30,31,2154,2584
2023-03-16 10:36:16,30,32,2154,2584
2023-03-16 10:36:23,30,33,2154,2584
2023-03-16 10:36:24,30,32,2154,2584
2023-03-16 10:36:24,31,32,2154,2584
2023-03-16 10:37:18,30,32,2154,2584
2023-03-16 10:37:21,31,32,2154,2584
2023-03-16 10:37:32,31,33,2154,2584
2023-03-16 10:37:32,31,32,2154,2584
2023-03-16 10:37:36,30,32,2154,2584
2023-03-16 10:37:47,30,33,2154,2584
2023-03-16 10:37:48,30,32,2154,2584
2023-03-16 10:38:04,30,33,2154,2584
2023-03-16 10:38:04,30,32,2154,2584
2023-03-16 10:38:18,30,32,2160,2590
2023-03-16 10:38:23,31,32,2160,2590
2023-03-16 10:38:49,30,32,2160,2590
2023-03-16 10:38:49,31,32,2160,2590
2023-03-16 10:38:51,31,33,2160,2590
2023-03-16 10:38:52,31,32,2160,2590
2023-03-16 10:39:03,30,32,2160,2590
2023-03-16 10:39:07,29,32,2160,2590
2023-03-16 10:39:07,29,33,2160,2590
2023-03-16 10:39:07,30,33,2160,2590
2023-03-16 10:39:08,30,32,2160,2590
2023-03-16 10:39:24,30,33,2160,2590
2023-03-16 10:39:24,30,32,2160,2590
2023-03-16 10:39:42,30,33,2160,2590
2023-03-16 10:39:42,30,32,2160,2590
2023-03-16 10:40:00,30,33,2160,2590
2023-03-16 10:40:00,30,32,2160,2590
2023-03-16 10:40:14,30,33,2160,2590
2023-03-16 10:40:17,30,32,2160,2590
2023-03-16 10:40:32,30,33,2160,2590
2023-03-16 10:40:32,30,32,2160,2590
2023-03-16 10:40:47,28,32,2160,2590
2023-03-16 10:40:47,28,34,2160,2590
2023-03-16 10:40:48,28,32,2160,2590
2023-03-16 10:40:48,28,31,2160,2590
2023-03-16 10:40:48,30,31,2160,2590
2023-03-16 10:41:02,28,31,2160,2590
2023-03-16 10:41:04,30,31,2160,2590
2023-03-16 10:41:07,30,32,2160,2590
2023-03-16 10:41:08,30,31,2160,2590
2023-03-16 10:41:19,28,31,2160,2590
2023-03-16 10:41:20,30,31,2160,2590
2023-03-16 10:41:40,30,32,2160,2590
2023-03-16 10:41:40,30,31,2160,2590
2023-03-16 10:41:46,28,31,2162,2597
2023-03-16 10:41:47,28,30,2162,2597
2023-03-16 10:41:47,26,30,2162,2687
2023-03-16 10:41:47,26,31,2162,2687
2023-03-16 10:41:47,26,30,2162,2687
2023-03-16 10:41:52,28,30,2162,2687
2023-03-16 10:41:55,28,29,2162,2687
2023-03-16 10:41:58,28,30,2162,2687
2023-03-16 10:42:06,27,29,2162,2687
2023-03-16 10:42:06,27,30,2162,2687
2023-03-16 10:42:06,27,29,2162,2687
2023-03-16 10:42:07,27,30,2162,2687
2023-03-16 10:42:09,27,29,2162,2687
2023-03-16 10:42:18,28,29,2162,2687
2023-03-16 10:42:22,28,30,2162,2687
2023-03-16 10:42:27,28,29,2162,2687
2023-03-16 10:42:34,27,29,2162,2687
2023-03-16 10:42:43,27,30,2162,2687
2023-03-16 10:42:43,23,30,2162,2687
2023-03-16 10:42:43,23,31,2162,2687
2023-03-16 10:42:43,26,31,2162,2687
2023-03-16 10:42:43,26,29,2162,2687
2023-03-16 10:42:44,28,29,2162,2687
2023-03-16 10:42:48,28,30,2162,2687
2023-03-16 10:42:49,28,29,2162,2687
2023-03-16 10:43:00,26,29,2162,2687
2023-03-16 10:43:00,28,29,2162,2687
2023-03-16 10:43:15,27,29,2162,2687
2023-03-16 10:43:15,27,31,2162,2687
2023-03-16 10:43:15,27,29,2162,2687
2023-03-16 10:43:17,28,29,2162,2687
2023-03-16 10:43:31,27,29,2162,2687
2023-03-16 10:43:33,28,29,2162,2687
2023-03-16 10:44:05,27,29,2162,2687
2023-03-16 10:44:19,27,30,2162,2687
2023-03-16 10:44:21,27,29,2162,2687
2023-03-16 10:44:37,27,30,2162,2687
2023-03-16 10:44:37,27,29,2162,2687
2023-03-16 10:44:53,27,30,2162,2687
2023-03-16 10:44:53,27,29,2162,2687
2023-03-16 10:44:59,27,28,2162,2687
2023-03-16 10:45:11,24,28,2162,2687
2023-03-16 10:45:11,24,30,2162,2687
2023-03-16 10:45:11,26,30,2162,2687
2023-03-16 10:45:11,26,29,2162,2687
2023-03-16 10:45:11,27,29,2162,2687
2023-03-16 10:45:27,27,30,2162,2687
2023-03-16 10:45:28,27,29,2162,2687
2023-03-16 10:45:38,27,28,2162,2687
2023-03-16 10:45:49,27,29,2162,2687
2023-03-16 10:45:52,27,28,2162,2687
2023-03-16 10:45:53,27,29,2162,2687
2023-03-16 10:45:53,27,28,2162,2687
2023-03-16 10:45:57,27,29,2162,2687
2023-03-16 10:45:57,27,28,2162,2687
2023-03-16 10:46:15,25,28,2162,2687
2023-03-16 10:46:15,25,29,2162,2687
2023-03-16 10:46:15,27,29,2162,2687
2023-03-16 10:46:16,25,29,2162,2717
2023-03-16 10:46:16,25,28,2162,2717
2023-03-16 10:46:17,26,28,2162,2717
2023-03-16 10:46:33,27,28,2162,2717
2023-03-16 10:46:35,27,29,2162,2717
2023-03-16 10:46:35,27,28,2162,2717
2023-03-16 10:46:47,26,28,2162,2717
2023-03-16 10:46:47,23,28,2162,2717
2023-03-16 10:46:47,23,29,2162,2717
2023-03-16 10:46:47,25,29,2162,2717
2023-03-16 10:46:47,27,29,2162,2717
2023-03-16 10:46:47,27,28,2162,2717
2023-03-16 10:46:55,27,29,2162,2717
2023-03-16 10:46:55,27,28,2162,2717
2023-03-16 10:46:56,27,29,2162,2717
2023-03-16 10:47:10,26,28,2162,2717
2023-03-16 10:47:13,26,28,2169,2784
2023-03-16 10:47:19,24,28,2169,2784
2023-03-16 10:47:19,21,28,2169,2784
2023-03-16 10:47:19,22,28,2169,2784
2023-03-16 10:47:19,24,28,2169,2784
2023-03-16 10:47:19,24,27,2169,2784
2023-03-16 10:47:21,24,25,2169,2784
2023-03-16 10:47:26,23,25,2169,2784
2023-03-16 10:47:37,23,26,2169,2784
2023-03-16 10:47:37,23,25,2169,2784
2023-03-16 10:47:53,23,26,2169,2784
2023-03-16 10:47:56,23,25,2169,2784
2023-03-16 10:48:09,21,25,2169,2784
2023-03-16 10:48:09,23,25,2169,2784
2023-03-16 10:48:12,23,26,2169,2784
2023-03-16 10:48:14,23,25,2169,2784
2023-03-16 10:48:45,23,26,2169,2784
2023-03-16 10:48:45,23,25,2169,2784
2023-03-16 10:49:01,23,24,2169,2784
2023-03-16 10:49:04,22,24,2169,2784
2023-03-16 10:49:04,23,24,2169,2784
2023-03-16 10:49:15,23,25,2169,2784
2023-03-16 10:49:17,23,24,2169,2784
2023-03-16 10:49:24,22,24,2169,2799
2023-03-16 10:49:24,22,23,2169,2799
2023-03-16 10:49:31,21,22,2169,2799
2023-03-16 10:49:36,20,22,2169,2799
2023-03-16 10:49:45,20,23,2162,2806
2023-03-16 10:49:49,21,23,2162,2806
2023-03-16 10:50:21,19,23,2162,2806
2023-03-16 10:50:22,21,23,2162,2806
2023-03-16 10:51:46,22,23,2162,2806
2023-03-16 10:52:02,21,23,2162,2806
2023-03-16 10:52:18,18,23,2162,2806
2023-03-16 10:52:18,21,23,2162,2806
2023-03-16 10:52:18,21,22,2162,2806
2023-03-16 10:52:33,18,22,2162,2806
2023-03-16 10:52:34,20,22,2162,2806
2023-03-16 10:52:50,19,22,2162,2806
2023-03-16 10:52:50,19,21,2162,2806
2023-03-16 10:53:25,20,21,2162,2806
2023-03-16 10:53:41,18,20,2162,2806
2023-03-16 10:53:42,18,21,2162,2806
2023-03-16 10:53:43,19,21,2162,2806
2023-03-16 10:53:58,17,20,2162,2806
2023-03-16 10:53:58,17,21,2162,2806
2023-03-16 10:53:58,18,21,2162,2806
2023-03-16 10:53:59,18,20,2162,2806
2023-03-16 10:54:29,17,20,2162,2806
2023-03-16 10:54:30,18,20,2162,2806
2023-03-16 10:54:47,17,20,2162,2806
2023-03-16 10:54:47,17,19,2162,2806
2023-03-16 10:55:02,18,20,2162,2806
2023-03-16 10:55:19,17,20,2162,2806
2023-03-16 10:55:19,17,19,2162,2806
2023-03-16 10:55:21,17,18,2162,2806
2023-03-16 10:55:22,16,18,2319,2963
2023-03-16 10:55:31,16,17,2319,2963
2023-03-16 10:55:41,15,17,2319,2963
2023-03-16 10:55:51,15,16,2319,2963
2023-03-16 10:55:52,15,17,2312,2970
2023-03-16 10:55:52,15,18,2312,2970
2023-03-16 10:55:52,15,17,2312,2970
2023-03-16 10:56:00,15,18,2312,2970
2023-03-16 10:56:00,15,17,2312,2970
2023-03-16 10:56:03,15,18,2312,2970
2023-03-16 10:56:04,15,17,2312,2970
2023-03-16 10:56:09,16,17,2312,2970
2023-03-16 10:56:21,16,18,2312,3000
2023-03-16 10:56:26,16,19,2312,3000
2023-03-16 10:56:26,16,20,2312,3000
2023-03-16 10:56:26,16,18,2312,3000
2023-03-16 10:56:27,17,18,2312,3000
2023-03-16 10:56:37,17,19,2312,3000
2023-03-16 10:56:43,18,19,2312,3000
2023-03-16 10:56:53,18,20,2312,3000
2023-03-16 10:56:54,18,19,2312,3000
2023-03-16 10:57:02,18,20,2312,3000
2023-03-16 10:57:02,18,19,2312,3000
2023-03-16 10:57:14,17,19,2312,3000
2023-03-16 10:57:27,17,18,2312,3000
2023-03-16 10:57:47,16,18,2312,3000
2023-03-16 10:57:47,16,20,2312,3000
2023-03-16 10:57:47,16,19,2312,3000
2023-03-16 10:57:47,18,19,2312,3000
2023-03-16 10:57:50,18,20,2312,3000
2023-03-16 10:57:51,18,19,2312,3000
2023-03-16 10:57:56,18,20,2312,3000
2023-03-16 10:57:56,18,19,2312,3000
2023-03-16 10:57:59,18,20,2312,3000
2023-03-16 10:57:59,18,19,2312,3000
2023-03-16 10:58:02,17,19,2312,3000
2023-03-16 10:58:03,18,19,2312,3000
2023-03-16 10:58:10,18,20,2312,3000
2023-03-16 10:58:10,18,19,2312,3000
2023-03-16 10:58:28,18,20,2312,3000
2023-03-16 10:58:29,18,19,2312,3000
2023-03-16 10:58:39,18,20,2312,3000
2023-03-16 10:58:39,18,19,2312,3000
2023-03-16 10:58:44,18,20,2312,3000
2023-03-16 10:58:44,18,19,2312,3000
2023-03-16 10:58:55,18,20,2312,3000
2023-03-16 10:58:55,18,19,2312,3000
2023-03-16 10:59:01,18,20,2312,3000
2023-03-16 10:59:01,18,19,2312,3000
2023-03-16 10:59:26,17,19,2312,3000
2023-03-16 10:59:27,18,19,2312,3000
2023-03-16 10:59:41,17,19,2312,3000
2023-03-16 10:59:54,17,18,2312,3000
2023-03-16 11:00:03,16,18,2519,3282
2023-03-16 11:00:15,15,18,2519,3282
2023-03-16 11:00:15,15,17,2519,3282
2023-03-16 11:00:16,16,17,2519,3282
2023-03-16 11:00:19,15,17,2526,3289
2023-03-16 11:00:31,16,17,2526,3289
2023-03-16 11:00:35,16,18,2526,3289
2023-03-16 11:00:36,16,17,2526,3289
2023-03-16 11:00:37,15,17,2533,3296
2023-03-16 11:00:40,15,18,2533,3296
2023-03-16 11:00:40,15,17,2533,3296
2023-03-16 11:00:47,15,18,2533,3296
2023-03-16 11:00:47,15,18,2533,3303
2023-03-16 11:00:47,15,17,2533,3303
2023-03-16 11:01:01,16,17,2533,3303
2023-03-16 11:01:04,16,17,2526,3310
2023-03-16 11:01:06,16,18,2526,3310
2023-03-16 11:01:06,16,17,2526,3310
2023-03-16 11:01:07,17,18,2526,3445
2023-03-16 11:01:12,16,18,2526,3445
2023-03-16 11:01:20,17,18,2526,3445
2023-03-16 11:01:26,17,19,2526,3445
2023-03-16 11:02:12,17,18,2526,3445
2023-03-16 11:02:28,17,19,2526,3445
2023-03-16 11:02:29,17,18,2526,3445
2023-03-16 11:02:31,16,18,2526,3445
2023-03-16 11:02:37,17,18,2526,3445
2023-03-16 11:02:39,16,18,2526,3445
2023-03-16 11:02:42,16,19,2526,3445
2023-03-16 11:02:43,16,20,2526,3445
2023-03-16 11:02:43,17,20,2526,3445
2023-03-16 11:02:43,17,19,2526,3445
2023-03-16 11:02:44,17,18,2526,3445
2023-03-16 11:02:50,16,18,2526,3445
2023-03-16 11:03:00,17,19,2526,3445
2023-03-16 11:03:14,17,20,2526,3445
2023-03-16 11:03:16,17,19,2526,3445
2023-03-16 11:03:30,17,20,2526,3445
2023-03-16 11:03:31,18,20,2526,3445
2023-03-16 11:04:02,17,20,2526,3445
2023-03-16 11:04:03,18,20,2526,3445
2023-03-16 11:04:20,17,20,2526,3445
2023-03-16 11:04:22,18,20,2526,3445
2023-03-16 11:04:36,16,20,2526,3445
2023-03-16 11:04:36,17,20,2526,3445
2023-03-16 11:04:40,17,19,2526,3445
2023-03-16 11:04:56,18,20,2526,3445
2023-03-16 11:05:28,19,20,2526,3445
2023-03-16 11:05:30,19,21,2526,3445
2023-03-16 11:05:36,19,20,2526,3445
2023-03-16 11:05:49,18,20,2526,3445
2023-03-16 11:05:58,15,20,2526,3445
2023-03-16 11:05:58,17,20,2526,3445
2023-03-16 11:06:00,17,19,2526,3445
2023-03-16 11:06:46,16,19,2526,3445
2023-03-16 11:06:48,17,19,2526,3445
2023-03-16 11:06:55,17,18,2526,3445
2023-03-16 11:07:02,15,18,2526,3445
2023-03-16 11:07:02,16,18,2526,3445
2023-03-16 11:07:06,15,18,2526,3445
2023-03-16 11:07:07,15,17,2526,3445
2023-03-16 11:07:26,15,16,2526,3445
2023-03-16 11:07:31,16,17,2519,3452
2023-03-16 11:07:43,16,17,2522,3455
2023-03-16 11:07:45,16,18,2522,3455
2023-03-16 11:07:45,16,17,2522,3455
2023-03-16 11:07:53,16,18,2522,3455
2023-03-16 11:07:53,16,17,2522,3455
2023-03-16 11:08:07,16,18,2522,3455
2023-03-16 11:08:07,16,17,2522,3455
2023-03-16 11:08:10,15,16,2522,3462
2023-03-16 11:08:19,12,13,2047,4137
2023-03-16 11:08:24,12,13,2026,4287
2023-03-16 11:08:45,11,13,2026,4287
2023-03-16 11:08:47,12,13,2026,4287
2023-03-16 11:08:51,12,13,1897,4437
2023-03-16 11:09:01,12,13,1897,4444
2023-03-16 11:09:13,11,12,1910,4457
2023-03-16 11:09:14,11,12,1910,4657
2023-03-16 11:09:17,12,13,1910,4694
2023-03-16 11:09:27,11,12,1917,4701
2023-03-16 11:09:30,11,12,1917,4901
2023-03-16 11:09:31,11,13,1917,4901
2023-03-16 11:09:36,11,13,1909,5101
2023-03-16 11:09:40,11,13,1909,5301
2023-03-16 11:09:43,11,13,2105,5501
2023-03-16 11:09:51,12,13,2105,5501
2023-03-16 11:09:53,12,14,2105,5501
2023-03-16 11:09:54,12,13,2105,5501
2023-03-16 11:09:54,12,13,2305,5701
2023-03-16 11:10:04,12,14,2305,5701
2023-03-16 11:10:05,11,14,2305,5701
2023-03-16 11:10:09,11,13,2305,5701
2023-03-16 11:10:18,12,13,2305,5701
2023-03-16 11:10:25,12,14,2305,5701
2023-03-16 11:10:33,12,13,2305,5701
2023-03-16 11:10:41,12,13,2298,5708
2023-03-16 11:10:53,11,13,2298,5708
2023-03-16 11:10:56,12,13,2298,5708
2023-03-16 11:11:29,11,13,2298,5708
2023-03-16 11:12:14,12,13,2298,5708
2023-03-16 11:12:52,12,14,2298,5708
2023-03-16 11:13:09,12,15,2298,5708
2023-03-16 11:13:09,12,14,2298,5708
2023-03-16 11:13:12,13,14,2298,5708
2023-03-16 11:13:18,12,14,2298,5708
2023-03-16 11:13:25,12,15,2298,5708
2023-03-16 11:13:25,12,14,2298,5708
2023-03-16 11:13:40,13,15,2298,5708
2023-03-16 11:13:55,12,15,2298,5708
2023-03-16 11:13:57,13,15,2298,5708
2023-03-16 11:14:12,14,15,2298,5708
2023-03-16 11:14:28,14,15,2291,5715
2023-03-16 11:14:45,14,15,2289,5722
2023-03-16 11:14:56,13,15,2289,5722
2023-03-16 11:14:56,13,14,2289,5722
2023-03-16 11:15:01,13,14,2291,5729
2023-03-16 11:15:04,13,15,2291,5729
2023-03-16 11:15:04,13,14,2291,5729
2023-03-16 11:15:51,12,13,2294,5732
2023-03-16 11:15:53,12,13,2301,5739
2023-03-16 11:16:11,11,13,2301,5739
2023-03-16 11:16:57,11,12,2301,5739
2023-03-16 11:17:10,11,13,2301,5739
2023-03-16 11:17:11,11,12,2301,5739
2023-03-16 11:17:27,11,13,2301,5739
2023-03-16 11:17:28,11,12,2301,5739
2023-03-16 11:17:44,11,13,2301,5739
2023-03-16 11:18:01,11,12,2301,5739
2023-03-16 11:18:36,11,13,2301,5739
2023-03-16 11:18:37,11,12,2301,5739
2023-03-16 11:18:52,11,13,2301,5739
2023-03-16 11:19:22,12,13,2301,5739
2023-03-16 11:19:34,11,13,2301,5739
2023-03-16 11:19:41,11,12,2301,5739
2023-03-16 11:20:10,11,13,2301,5739
2023-03-16 11:20:13,11,12,2301,5739
2023-03-16 11:20:28,11,13,2301,5739
2023-03-16 11:20:28,11,13,2301,5746
2023-03-16 11:20:32,11,13,2501,5984
2023-03-16 11:20:32,10,13,2501,5984
2023-03-16 11:20:35,10,14,2501,5984
2023-03-16 11:20:35,10,13,2501,5984
2023-03-16 11:20:35,10,12,2501,5984
2023-03-16 11:20:42,10,13,2501,5984
2023-03-16 11:20:42,10,12,2501,5984
2023-03-16 11:20:47,10,11,2501,5984
2023-03-16 11:20:53,10,11,2501,6083
2023-03-16 11:20:58,10,12,2501,6083
2023-03-16 11:20:59,10,11,2501,6083
2023-03-16 11:21:04,10,11,2508,6090
2023-03-16 11:21:13,10,12,2508,6090
2023-03-16 11:21:13,10,13,2508,6090
2023-03-16 11:21:13,10,14,2508,6090
2023-03-16 11:21:13,10,13,2508,6090
2023-03-16 11:21:20,10,12,2508,6090
2023-03-16 11:21:25,11,12,2508,6090
2023-03-16 11:21:35,10,13,2508,6090
2023-03-16 11:21:36,10,12,2508,6090
2023-03-16 11:21:52,10,13,2508,6090
2023-03-16 11:21:52,10,12,2508,6090
2023-03-16 11:22:07,10,12,2508,6097
2023-03-16 11:22:07,10,12,2508,6104
2023-03-16 11:22:07,10,11,2508,6104
2023-03-16 11:22:07,10,11,2508,6111
2023-03-16 11:22:07,10,12,2508,6111
2023-03-16 11:22:10,10,11,2508,6111
2023-03-16 11:22:11,9,11,2629,6235
2023-03-16 11:22:11,9,12,2629,6235
2023-03-16 11:22:14,9,12,2629,6235
2023-03-16 11:22:23,9,11,2629,6235
2023-03-16 11:22:39,9,12,2629,6235
2023-03-16 11:22:40,9,10,2629,6235
2023-03-16 11:22:56,9,12,2629,6235
2023-03-16 11:22:56,9,10,2629,6235
2023-03-16 11:23:11,9,12,2629,6235
2023-03-16 11:23:12,9,10,2629,6235
2023-03-16 11:23:23,10,12,2629,6242
2023-03-16 11:23:30,11,12,2629,6242
2023-03-16 11:23:41,15,16,3488,7222
2023-03-16 11:23:41,15,16,3495,7229
2023-03-16 11:23:41,15,16,3499,7233
2023-03-16 11:23:42,15,16,3503,7237
2023-03-16 11:23:44,11,15,3503,7242
2023-03-16 11:23:45,11,14,3503,7242
2023-03-16 11:23:48,11,12,3503,7242
2023-03-16 11:24:00,11,14,3501,7249
2023-03-16 11:24:00,11,16,3501,7249
2023-03-16 11:24:00,11,15,3501,7249
2023-03-16 11:24:00,11,14,3501,7249
2023-03-16 11:24:04,11,12,3501,7249
2023-03-16 11:24:19,11,13,3501,7249
2023-03-16 11:24:31,11,12,3501,7249
2023-03-16 11:24:34,11,12,3501,7256
2023-03-16 11:24:51,11,12,3501,7263
2023-03-16 11:24:57,11,13,3501,7263
2023-03-16 11:24:58,11,12,3501,7263
2023-03-16 11:25:07,11,12,3501,7270
2023-03-16 11:25:20,10,11,3384,7387
2023-03-16 11:25:20,10,11,3310,7461
2023-03-16 11:25:23,9,10,3310,7461
2023-03-16 11:25:28,9,10,3310,7468
2023-03-16 11:25:28,9,10,3310,7475
2023-03-16 11:25:28,9,11,3310,7475
2023-03-16 11:25:28,9,10,3310,7475
2023-03-16 11:25:28,9,10,3310,7532
2023-03-16 11:25:28,9,11,3310,7532
2023-03-16 11:25:32,9,11,3310,7532
2023-03-16 11:25:58,9,10,3310,7532
2023-03-16 11:26:05,9,11,3310,7532
2023-03-16 11:26:05,9,10,3310,7532
2023-03-16 11:26:06,8,9,3402,7718
2023-03-16 11:26:10,8,9,3449,7765
2023-03-16 11:26:10,8,9,3496,7812
2023-03-16 11:26:10,8,9,3509,7825
2023-03-16 11:26:14,8,9,3514,7832
2023-03-16 11:26:18,8,10,3514,7832
2023-03-16 11:26:18,8,9,3514,7832
2023-03-16 11:26:18,8,10,3514,7832
2023-03-16 11:26:18,8,9,3514,7832
2023-03-16 11:26:18,7,9,3550,7868
2023-03-16 11:26:18,7,8,3550,7868
2023-03-16 11:26:26,7,8,3580,7898
2023-03-16 11:26:31,7,8,3582,7905
2023-03-16 11:26:45,6,8,3680,8003
2023-03-16 11:26:47,7,8,3680,8003
2023-03-16 11:27:02,6,7,3680,8003
2023-03-16 11:27:04,6,8,3687,8010
2023-03-16 11:28:23,6,7,3687,8010
2023-03-16 11:28:39,6,8,3687,8010
2023-03-16 11:28:39,6,7,3687,8010
2023-03-16 11:28:57,6,8,3687,8010
2023-03-16 11:28:58,6,7,3687,8010
2023-03-16 11:29:13,6,8,3687,8010
2023-03-16 11:29:15,6,7,3687,8010
2023-03-16 11:29:30,6,8,3687,8010
2023-03-16 11:29:31,6,7,3687,8010
2023-03-16 11:29:43,6,8,3687,8017
2023-03-16 11:30:51,6,7,3687,8017
2023-03-16 11:31:07,6,8,3687,8017
2023-03-16 11:31:07,6,7,3687,8017
2023-03-16 11:31:22,6,8,3687,8017
2023-03-16 11:31:54,7,8,3687,8017
2023-03-16 11:32:11,6,8,3687,8017
2023-03-16 11:32:14,7,8,3687,8017
2023-03-16 11:32:30,6,8,3687,8017
2023-03-16 11:32:48,8,9,3728,8060
2023-03-16 11:33:48,6,8,3785,8117
2023-03-16 11:33:50,7,8,3785,8117
2023-03-16 11:34:18,7,9,3785,8117
2023-03-16 11:34:24,8,9,3785,8117
2023-03-16 11:34:39,7,9,3785,8117
2023-03-16 11:34:41,8,9,3785,8117
2023-03-16 11:35:11,7,9,3785,8117
2023-03-16 11:35:13,8,9,3785,8117
2023-03-16 11:36:01,7,9,3785,8117
2023-03-16 11:36:15,6,9,3785,8117
2023-03-16 11:36:17,7,9,3785,8117
2023-03-16 11:36:18,7,8,3785,8117
2023-03-16 11:36:43,7,9,3785,8117
2023-03-16 11:36:43,7,8,3785,8117
2023-03-16 11:36:53,7,9,3785,8117
2023-03-16 11:37:05,6,9,3785,8117
2023-03-16 11:37:05,6,8,3785,8117
2023-03-16 11:37:08,7,8,3785,8117
2023-03-16 11:37:29,7,9,3785,8117
2023-03-16 11:37:29,7,8,3785,8117
2023-03-16 11:37:34,7,9,3785,8117
2023-03-16 11:37:34,7,8,3785,8117
2023-03-16 11:37:39,6,8,3785,8117
2023-03-16 11:38:13,7,8,3785,8117
2023-03-16 11:38:25,7,9,3785,8117
2023-03-16 11:38:25,7,8,3785,8117
2023-03-16 11:38:29,6,8,3785,8117
2023-03-16 11:38:59,5,8,3785,8117
2023-03-16 11:39:01,6,8,3785,8117
2023-03-16 11:39:03,6,7,3785,8117
2023-03-16 11:39:15,5,7,3785,8117
2023-03-16 11:39:17,6,7,3785,8117
2023-03-16 11:39:43,6,8,3785,8117
2023-03-16 11:40:28,6,7,3785,8117
2023-03-16 11:40:47,6,8,3785,8117
2023-03-16 11:40:48,5,6,3787,8124
2023-03-16 11:40:56,5,6,3794,8131
2023-03-16 11:41:44,5,6,3794,8138
2023-03-16 11:41:44,5,7,3794,8138
2023-03-16 11:41:45,5,8,3794,8138
2023-03-16 11:41:46,5,6,3794,8138
2023-03-16 11:42:01,5,6,3799,8145
2023-03-16 11:42:07,5,6,3839,8185
2023-03-16 11:42:14,5,6,3879,8225
2023-03-16 11:42:17,5,6,3886,8232
2023-03-16 11:42:24,5,6,3887,8233
2023-03-16 11:42:41,5,6,4087,8433
2023-03-16 11:42:41,5,6,4094,8440
2023-03-16 11:42:50,5,6,4101,8447
2023-03-16 11:42:51,4,5,4135,8481
2023-03-16 11:42:52,4,5,4135,8488
2023-03-16 11:43:08,4,5,4137,8495
2023-03-16 11:43:24,4,5,4144,8502
2023-03-16 11:43:48,4,6,4144,8502
2023-03-16 11:43:56,4,6,4144,8509
2023-03-16 11:44:12,4,6,4149,8516
2023-03-16 11:44:28,4,6,4156,8523
2023-03-16 11:44:44,4,5,4156,8523
2023-03-16 11:45:00,5,6,4156,8523
2023-03-16 11:45:01,4,5,4149,8530
2023-03-16 11:45:02,3,5,4149,8530
2023-03-16 11:45:19,5,6,4149,8530
2023-03-16 11:45:21,3,5,4144,8537
2023-03-16 11:45:28,3,6,4144,8537
2023-03-16 11:45:35,3,6,4144,8544
2023-03-16 11:45:39,3,7,4144,8544
2023-03-16 11:45:41,4,6,4144,8544
2023-03-16 11:45:44,4,7,4144,8544
2023-03-16 11:45:51,5,7,4144,8544
2023-03-16 11:46:06,4,7,4144,8544
2023-03-16 11:46:06,4,6,4144,8544
2023-03-16 11:46:06,4,5,4144,8544
2023-03-16 11:46:38,4,7,4144,8544
2023-03-16 11:46:38,4,6,4144,8544
2023-03-16 11:46:55,4,5,4144,8544
2023-03-16 11:47:19,4,6,4144,8544
2023-03-16 11:47:26,4,7,4144,8544
2023-03-16 11:47:26,4,6,4144,8544
2023-03-16 11:47:35,4,5,4144,8544
2023-03-16 11:48:19,4,6,4144,8544
2023-03-16 11:48:19,4,5,4144,8544
2023-03-16 11:48:35,4,6,4144,8544
2023-03-16 11:48:35,4,7,4144,8544
2023-03-16 11:48:35,4,5,4144,8544
2023-03-16 11:49:39,4,6,4144,8544
2023-03-16 11:49:39,4,5,4144,8544
2023-03-16 11:50:11,4,6,4144,8544
2023-03-16 11:50:11,4,5,4144,8544
2023-03-16 11:50:26,4,6,4144,8544
2023-03-16 11:50:26,4,5,4144,8544
2023-03-16 11:52:54,4,6,4144,8544
2023-03-16 11:52:55,4,5,4144,8544
2023-03-16 11:53:10,4,6,4144,8544
2023-03-16 11:53:11,4,5,4144,8544
2023-03-16 11:53:28,4,6,4144,8544
2023-03-16 11:53:29,4,5,4144,8544
2023-03-16 11:53:55,3,5,4144,8544
2023-03-16 11:54:02,3,6,4144,8544
2023-03-16 11:54:02,3,4,4144,8544
2023-03-16 11:54:18,3,6,4144,8544
2023-03-16 11:54:18,3,4,4144,8544
2023-03-16 11:54:34,3,6,4144,8544
2023-03-16 11:54:34,3,4,4144,8544
2023-03-16 11:54:50,3,6,4144,8544
2023-03-16 11:54:50,3,4,4144,8544
2023-03-16 11:55:06,3,6,4144,8544
2023-03-16 11:55:06,3,4,4144,8544
2023-03-16 11:55:22,3,6,4144,8544
2023-03-16 11:55:22,3,4,4144,8544
2023-03-16 11:55:36,3,6,4144,8544
2023-03-16 11:55:38,3,4,4144,8544
2023-03-16 11:55:54,3,6,4144,8544
2023-03-16 11:55:54,3,4,4144,8544
2023-03-16 11:56:12,3,6,4144,8544
2023-03-16 11:56:13,3,4,4144,8544
2023-03-16 11:56:29,3,6,4144,8544
2023-03-16 11:56:29,3,4,4144,8544
2023-03-16 11:56:45,3,5,4144,8544
2023-03-16 11:56:45,3,4,4144,8544
2023-03-16 11:56:59,3,5,4144,8544
2023-03-16 11:57:02,3,5,4144,8551
2023-03-16 11:57:18,3,5,4149,8558
2023-03-16 11:57:33,3,5,4156,8565
2023-03-16 11:57:37,3,4,4156,8565
2023-03-16 11:57:49,3,4,4163,8572
2023-03-16 11:58:05,3,4,4156,8579
2023-03-16 11:58:12,3,4,4163,8586
2023-03-16 11:58:21,3,4,4156,8593
2023-03-16 11:58:30,3,4,4189,8626
2023-03-16 11:58:36,3,4,4196,8633
2023-03-16 11:58:37,3,4,4191,8640
2023-03-16 11:58:56,3,4,4191,8647
2023-03-16 11:59:29,3,4,4191,8654
2023-03-16 11:59:45,3,4,4196,8661
2023-03-16 11:59:49,3,4,4203,8668
2023-03-16 12:02:47,3,5,4203,8668
2023-03-16 12:03:34,4,5,4203,8668
2023-03-16 12:03:48,3,6,4203,8668
2023-03-16 12:03:50,4,6,4203,8668
2023-03-16 12:04:25,3,6,4203,8668
2023-03-16 12:04:25,3,5,4203,8668
2023-03-16 12:04:41,3,6,4203,8668
2023-03-16 12:04:41,3,5,4203,8668
2023-03-16 12:04:57,3,6,4203,8668
2023-03-16 12:04:57,3,5,4203,8668
2023-03-16 12:05:13,4,6,4203,8668
2023-03-16 12:05:29,3,6,4203,8668
2023-03-16 12:05:29,3,5,4203,8668
2023-03-16 12:05:45,3,6,4203,8668
2023-03-16 12:05:45,3,5,4203,8668
2023-03-16 12:06:01,3,6,4203,8668
2023-03-16 12:06:01,3,5,4203,8668
2023-03-16 12:06:17,3,6,4203,8668
2023-03-16 12:06:17,3,5,4203,8668
2023-03-16 12:06:33,3,6,4203,8668
2023-03-16 12:06:33,3,5,4203,8668
2023-03-16 12:06:49,3,6,4203,8668
2023-03-16 12:06:49,3,5,4203,8668
2023-03-16 12:07:08,3,6,4203,8668
2023-03-16 12:07:08,3,5,4203,8668
2023-03-16 12:07:24,3,6,4203,8668
2023-03-16 12:07:25,3,5,4203,8668
2023-03-16 12:07:40,3,6,4203,8668
2023-03-16 12:07:41,3,5,4203,8668
2023-03-16 12:07:56,3,6,4203,8668
2023-03-16 12:07:57,3,5,4203,8668
2023-03-16 12:08:13,3,6,4203,8668
2023-03-16 12:08:13,3,5,4203,8668
2023-03-16 12:08:28,3,6,4203,8668
2023-03-16 12:08:28,3,5,4203,8668
2023-03-16 12:08:44,3,6,4203,8668
2023-03-16 12:08:45,3,5,4203,8668
2023-03-16 12:09:00,4,6,4203,8668
2023-03-16 12:09:20,3,6,4205,8675
2023-03-16 12:09:21,3,5,4205,8675
2023-03-16 12:09:33,4,5,4205,8675
2023-03-16 12:09:35,4,6,4205,8675
2023-03-16 12:09:50,3,6,4205,8675
2023-03-16 12:09:51,3,5,4205,8675
2023-03-16 12:09:52,4,5,4205,8675
2023-03-16 12:10:07,4,6,4205,8675
2023-03-16 12:10:08,4,5,4205,8675
2023-03-16 12:10:23,4,6,4205,8675
2023-03-16 12:10:23,4,5,4205,8675
2023-03-16 12:10:39,4,6,4205,8675
2023-03-16 12:10:39,4,5,4205,8675
2023-03-16 12:10:55,4,6,4205,8675
2023-03-16 12:11:12,4,5,4205,8675
2023-03-16 12:11:27,4,6,4205,8675
2023-03-16 12:11:42,4,5,4205,8675
2023-03-16 12:11:44,4,5,4212,8682
2023-03-16 12:11:44,4,6,4212,8682
2023-03-16 12:11:49,4,5,4212,8682
2023-03-16 12:11:51,4,6,4212,8682
2023-03-16 12:11:59,4,7,4293,8763
2023-03-16 12:11:59,4,6,4293,8763
2023-03-16 12:12:15,4,8,4293,8763
2023-03-16 12:12:16,4,6,4293,8763
2023-03-16 12:12:30,4,7,4293,8763
2023-03-16 12:12:34,4,6,4293,8763
2023-03-16 12:12:37,4,5,4293,8763
2023-03-16 12:12:37,4,5,4300,8770
2023-03-16 12:12:37,4,6,4300,8770
2023-03-16 12:12:38,4,6,4307,8777
2023-03-16 12:12:50,5,7,4307,8777
2023-03-16 12:13:34,7,8,4164,8925
2023-03-16 12:13:34,7,8,4164,8932
2023-03-16 12:13:36,7,8,3971,9132
2023-03-16 12:13:38,7,8,3971,9139
2023-03-16 12:13:38,7,8,3971,9146
2023-03-16 12:13:39,7,8,3971,9346
2023-03-16 12:13:42,7,8,3971,9546
2023-03-16 12:13:45,7,8,3971,9746
2023-03-16 12:13:50,5,8,3971,9746
2023-03-16 12:13:54,7,8,3971,9746
2023-03-16 12:14:58,6,8,3971,9746
2023-03-16 12:15:01,8,10,3836,9888
2023-03-16 12:15:01,8,9,3836,9888
2023-03-16 12:15:02,8,9,3836,10088
2023-03-16 12:15:05,8,9,3836,10288
2023-03-16 12:15:06,6,9,3836,10288
2023-03-16 12:15:16,6,8,3836,10288
2023-03-16 12:15:17,7,8,3836,10288
2023-03-16 12:15:23,6,8,3836,10295
2023-03-16 12:15:23,6,7,3836,10295
2023-03-16 12:15:33,6,9,3836,10302
2023-03-16 12:15:33,6,8,3836,10302
2023-03-16 12:15:39,6,8,3843,10309
2023-03-16 12:15:50,6,8,3850,10316
2023-03-16 12:16:06,6,7,3850,10316
2023-03-16 12:16:22,6,8,3850,10316
2023-03-16 12:16:22,6,7,3850,10316
2023-03-16 12:16:38,6,7,3857,10323
2023-03-16 12:16:38,6,7,3864,10330
2023-03-16 12:16:53,6,8,3864,10330
2023-03-16 12:16:54,6,7,3864,10330
2023-03-16 12:17:41,6,7,3871,10337
2023-03-16 12:17:52,4,5,4216,10689
2023-03-16 12:17:52,3,5,4216,10689
2023-03-16 12:18:00,3,6,4216,10689
2023-03-16 12:18:00,5,6,4216,10689
2023-03-16 12:18:00,3,5,4218,10696
2023-03-16 12:18:00,3,6,4218,10696
2023-03-16 12:18:04,3,5,4218,10696
2023-03-16 12:18:15,3,6,4218,10696
2023-03-16 12:18:16,3,5,4218,10696
2023-03-16 12:18:23,3,5,4219,10697
2023-03-16 12:18:32,3,6,4219,10697
2023-03-16 12:18:33,3,5,4219,10697
2023-03-16 12:18:48,3,6,4219,10697
2023-03-16 12:18:49,3,4,4219,10697
2023-03-16 12:20:58,3,4,4226,10704
2023-03-16 12:23:26,3,6,4226,10704
2023-03-16 12:23:26,3,4,4226,10704
2023-03-16 12:23:42,3,6,4226,10704
2023-03-16 12:23:42,3,4,4226,10704
2023-03-16 12:23:58,3,6,4226,10704
2023-03-16 12:23:58,3,4,4226,10704
2023-03-16 12:24:14,3,6,4226,10704
2023-03-16 12:24:14,3,4,4226,10704
2023-03-16 12:24:30,3,6,4226,10704
2023-03-16 12:24:30,3,4,4226,10704
2023-03-16 12:24:47,3,6,4226,10704
2023-03-16 12:24:47,3,4,4226,10704
2023-03-16 12:25:02,3,6,4226,10704
2023-03-16 12:25:02,3,4,4226,10704
2023-03-16 12:25:18,3,6,4226,10704
2023-03-16 12:25:19,3,4,4226,10704
2023-03-16 12:25:34,3,6,4226,10704
2023-03-16 12:25:34,3,4,4226,10704
2023-03-16 12:25:50,3,6,4226,10704
2023-03-16 12:25:50,3,4,4226,10704
2023-03-16 12:25:54,4,6,4231,10711
2023-03-16 12:25:54,4,6,4231,10733
2023-03-16 12:25:55,4,6,4231,10755
2023-03-16 12:25:55,4,5,4231,10755
2023-03-16 12:26:09,4,5,4238,10762
2023-03-16 12:26:19,3,5,4238,10804
2023-03-16 12:26:25,4,5,4238,10804
2023-03-16 12:27:45,3,5,4238,10804
2023-03-16 12:28:33,4,5,4238,10804
2023-03-16 12:30:12,3,5,4238,10804
2023-03-16 12:30:44,4,5,4238,10804
2023-03-16 12:33:57,3,5,4238,10804
2023-03-16 12:33:59,4,5,4238,10804
2023-03-16 12:34:12,3,5,4238,10804
2023-03-16 12:34:17,4,5,4238,10804
2023-03-16 12:35:38,3,5,4231,10811
2023-03-16 12:35:54,4,5,4231,10811
2023-03-16 12:36:10,3,5,4231,10811
2023-03-16 12:36:26,4,5,4231,10811
2023-03-16 12:37:22,4,6,4231,10811
2023-03-16 12:37:48,3,5,4231,10811
2023-03-16 12:37:49,4,5,4231,10811
2023-03-16 12:38:21,3,5,4231,10811
2023-03-16 12:39:07,3,4,4231,10811
2023-03-16 12:40:35,2,4,4629,11214
2023-03-16 12:40:47,3,4,4629,11214
2023-03-16 12:41:04,2,4,4629,11214
2023-03-16 12:42:42,1,4,4629,11214
2023-03-16 12:42:43,1,3,4629,11214
2023-03-16 12:42:58,1,4,4629,11214
2023-03-16 12:42:59,1,3,4629,11214
2023-03-16 12:43:15,1,4,4629,11214
2023-03-16 12:43:15,1,3,4629,11214
2023-03-16 12:43:30,1,4,4629,11214
2023-03-16 12:43:30,1,3,4629,11214
2023-03-16 12:43:46,1,4,4629,11214
2023-03-16 12:43:46,1,3,4629,11214
2023-03-16 12:44:02,1,4,4629,11214
2023-03-16 12:44:03,1,3,4629,11214
2023-03-16 12:44:18,1,4,4629,11214
2023-03-16 12:44:19,1,3,4629,11214
2023-03-16 12:44:34,1,4,4629,11214
2023-03-16 12:44:35,1,3,4629,11214
2023-03-16 12:50:02,1,2,4629,11214
2023-03-16 12:50:02,1,3,4629,11214
2023-03-16 12:50:08,1,2,4629,11214
2023-03-16 12:50:10,1,3,4629,11214
2023-03-16 12:50:12,1,2,4629,11214
2023-03-16 12:50:50,1,2,4636,11221
2023-03-16 12:51:06,1,2,4643,11228
2023-03-16 12:51:25,1,2,4650,11235
2023-03-16 12:53:41,1,3,4450,11435
2023-03-16 12:53:41,2,3,4450,11435
2023-03-16 12:54:04,1,3,4450,11435
2023-03-16 13:14:39,1,4,4450,11435
2023-03-16 13:14:41,1,3,4450,11435
2023-03-16 13:15:48,1,5,4450,11435
2023-03-16 13:15:48,1,3,4450,11435
2023-03-16 13:16:04,1,5,4450,11435
2023-03-16 13:16:04,1,3,4450,11435
2023-03-16 13:16:20,1,5,4450,11435
2023-03-16 13:16:20,1,3,4450,11435
2023-03-16 13:16:36,1,5,4450,11435
2023-03-16 13:16:36,1,3,4450,11435
2023-03-16 13:16:50,1,6,4450,11435
2023-03-16 13:16:52,1,3,4450,11435
2023-03-16 13:16:54,2,3,4450,11435
2023-03-16 13:17:08,2,6,4450,11435
2023-03-16 13:17:08,2,3,4450,11435
2023-03-16 13:17:24,2,6,4450,11435
2023-03-16 13:17:24,2,3,4450,11435
2023-03-16 13:17:42,2,6,4450,11435
2023-03-16 13:17:43,2,3,4450,11435
2023-03-16 13:17:59,2,6,4450,11435
2023-03-16 13:17:59,2,3,4450,11435
2023-03-16 13:18:15,2,6,4450,11435
2023-03-16 13:18:15,2,3,4450,11435
2023-03-16 13:18:23,2,3,4451,11436
2023-03-16 13:18:31,2,6,4451,11436
2023-03-16 13:18:31,2,3,4451,11436
2023-03-16 13:18:47,2,6,4451,11436
2023-03-16 13:18:47,2,3,4451,11436
2023-03-16 13:19:03,2,6,4451,11436
2023-03-16 13:19:03,2,3,4451,11436
2023-03-16 13:19:19,2,6,4451,11436
2023-03-16 13:19:19,2,3,4451,11436
2023-03-16 13:19:35,2,6,4451,11436
2023-03-16 13:19:35,2,3,4451,11436
2023-03-16 13:19:49,2,5,4451,11436
2023-03-16 13:19:49,2,6,4451,11436
2023-03-16 13:19:49,2,5,4451,11436
2023-03-16 13:19:51,2,3,4451,11436
2023-03-16 13:20:07,2,6,4451,11436
2023-03-16 13:20:08,2,3,4451,11436
2023-03-16 13:20:25,2,6,4451,11436
2023-03-16 13:20:26,2,3,4451,11436
2023-03-16 13:20:40,2,5,4451,11436
2023-03-16 13:20:42,2,3,4451,11436
2023-03-16 13:20:56,2,6,4451,11436
2023-03-16 13:20:58,2,3,4451,11436
2023-03-16 13:21:13,2,5,4451,11436
2023-03-16 13:21:14,2,3,4451,11436
2023-03-16 13:21:28,2,5,4451,11436
2023-03-16 13:21:30,2,3,4451,11436
2023-03-16 13:21:36,2,3,4551,11536
2023-03-16 13:21:36,1,2,4650,11635
2023-03-16 13:42:32,1,2,4651,11660
2023-03-16 13:47:15,1,2,4658,11667
2023-03-16 13:50:48,1,3,4658,11667
2023-03-16 13:51:22,1,2,4658,11667
2023-03-16 13:52:59,1,2,4665,11674
2023-03-16 14:00:10,1,2,4665,12061
2023-03-16 14:01:18,1,2,4665,12164
2023-03-16 14:07:50,1,2,4672,12171
2023-03-16 14:33:59,1,2,4679,12178
2023-03-16 14:34:43,1,2,4680,12179
2023-03-16 14:35:10,1,2,4687,12186
2023-03-16 14:35:10,1,2,4694,12193
2023-03-16 14:42:49,0,2,4890,12389
2023-03-16 14:42:55,0,1,4890,12389
2023-03-16 15:57:25,0,1,4890,12392
